NAME = AISearchfile100,
SIZE = 100,
75, 85, 73, 15, 61, 61, 54, 6, 56, 15, 14, 39, 7, 65, 5, 78, 46, 76, 77, 47, 96, 48, 62, 55, 79, 63, 2, 52, 6, 77, 69, 76, 100, 66, 72, 85, 96, 51, 23, 57, 55, 70, 21, 38, 47, 96, 59, 54, 72, 53, 78, 3, 21, 53, 2, 38, 74, 98, 1, 9, 68, 93, 14, 56, 75, 31, 43, 33, 66, 51, 47, 66, 94, 60, 27, 16, 69, 70, 14, 80, 2, 14, 86, 77, 42, 65, 24, 8, 82, 41, 93, 89, 98, 31, 79, 62, 55, 30, 12,
26, 74, 95, 15, 37, 40, 46, 48, 56, 100, 70, 96, 26, 27, 38, 39, 92, 45, 76, 25, 98, 98, 87, 18, 44, 66, 86, 7, 52, 64, 3, 28, 82, 15, 17, 27, 97, 66, 90, 72, 17, 34, 40, 19, 85, 92, 40, 35, 17, 98, 90, 60, 20, 72, 62, 44, 50, 76, 65, 20, 77, 95, 85, 24, 77, 31, 70, 96, 96, 97, 26, 72, 93, 60, 17, 4, 9, 61, 64, 62, 47, 68, 82, 59, 10, 53, 65, 68, 68, 81, 44, 70, 62, 2, 20, 8, 19, 53,
53, 25, 51, 27, 22, 36, 82, 13, 96, 2, 86, 68, 26, 68, 31, 44, 40, 74, 54, 80, 53, 34, 56, 56, 17, 9, 19, 77, 48, 72, 77, 1, 13, 86, 32, 7, 89, 39, 96, 53, 5, 64, 71, 82, 23, 16, 24, 90, 28, 45, 1, 50, 90, 71, 16, 50, 83, 79, 86, 31, 65, 76, 78, 76, 98, 89, 24, 39, 16, 72, 24, 79, 45, 22, 57, 43, 60, 82, 5, 27, 30, 76, 39, 74, 39, 67, 80, 64, 87, 85, 78, 100, 40, 30, 5, 25, 2,
58, 41, 55, 24, 27, 78, 32, 45, 92, 87, 28, 29, 16, 24, 22, 90, 36, 92, 28, 57, 52, 6, 52, 87, 14, 2, 97, 33, 63, 76, 87, 16, 5, 86, 20, 52, 91, 70, 85, 17, 5, 53, 16, 34, 70, 57, 90, 31, 99, 50, 67, 19, 85, 26, 58, 90, 75, 69, 62, 28, 83, 13, 47, 94, 39, 2, 40, 18, 58, 59, 54, 60, 42, 59, 1, 42, 93, 63, 11, 82, 57, 98, 24, 54, 23, 75, 50, 37, 3, 48, 97, 45, 13, 43, 15, 64,
46, 17, 92, 42, 91, 49, 49, 37, 99, 93, 97, 51, 70, 91, 26, 96, 88, 71, 12, 43, 9, 20, 93, 89, 24, 25, 55, 83, 98, 53, 35, 54, 76, 51, 84, 93, 69, 51, 24, 7, 49, 8, 79, 41, 74, 34, 88, 50, 20, 19, 59, 3, 17, 23, 47, 64, 82, 100, 30, 84, 88, 98, 50, 93, 98, 60, 58, 92, 98, 47, 22, 71, 75, 71, 16, 33, 49, 96, 90, 77, 18, 48, 35, 7, 74, 2, 69, 79, 51, 21, 60, 25, 19, 12, 29,
11, 22, 81, 98, 86, 5, 25, 99, 57, 95, 54, 95, 69, 61, 73, 46, 63, 98, 81, 19, 23, 6, 75, 77, 34, 42, 12, 65, 75, 27, 19, 33, 98, 75, 25, 81, 12, 58, 89, 7, 2, 38, 49, 74, 41, 19, 99, 41, 74, 13, 9, 78, 13, 95, 84, 20, 59, 66, 100, 94, 55, 75, 86, 76, 73, 57, 80, 100, 70, 62, 4, 90, 5, 52, 28, 28, 30, 81, 46, 64, 44, 100, 8, 33, 42, 42, 81, 11, 82, 1, 82, 18, 73, 4,
34, 51, 45, 1, 82, 40, 23, 4, 42, 60, 46, 72, 60, 24, 80, 7, 40, 70, 22, 83, 1, 32, 49, 15, 22, 12, 30, 84, 45, 48, 15, 54, 52, 81, 90, 10, 12, 46, 83, 48, 26, 25, 43, 17, 92, 36, 10, 33, 68, 26, 23, 21, 82, 100, 25, 92, 41, 3, 87, 55, 23, 21, 43, 81, 6, 2, 40, 19, 44, 69, 70, 31, 39, 6, 11, 31, 92, 80, 69, 24, 3, 8, 7, 5, 58, 57, 14, 69, 6, 13, 13, 68, 65,
38, 21, 7, 18, 17, 59, 51, 36, 11, 97, 65, 33, 11, 35, 97, 69, 60, 31, 72, 2, 75, 91, 43, 97, 8, 61, 97, 27, 22, 50, 6, 95, 6, 59, 36, 41, 8, 53, 25, 67, 35, 51, 48, 59, 64, 16, 90, 74, 21, 34, 67, 95, 66, 84, 55, 71, 64, 19, 89, 45, 10, 33, 97, 9, 74, 19, 57, 28, 83, 7, 64, 13, 38, 94, 87, 63, 83, 47, 72, 72, 52, 90, 89, 44, 2, 50, 38, 50, 51, 40, 93, 46,
9, 13, 10, 57, 5, 83, 95, 60, 75, 31, 68, 88, 78, 61, 27, 13, 81, 53, 43, 11, 4, 30, 76, 42, 76, 67, 63, 54, 33, 55, 20, 98, 34, 92, 47, 65, 11, 30, 56, 14, 69, 9, 42, 59, 64, 25, 44, 59, 23, 39, 69, 33, 45, 70, 44, 40, 67, 8, 38, 56, 7, 29, 55, 92, 54, 77, 83, 43, 22, 12, 30, 98, 12, 84, 85, 47, 1, 43, 39, 13, 50, 72, 93, 30, 97, 1, 49, 83, 14, 24, 100,
15, 34, 74, 1, 15, 81, 64, 90, 22, 83, 72, 14, 69, 95, 33, 25, 67, 92, 18, 26, 65, 66, 15, 74, 84, 17, 91, 39, 100, 56, 25, 44, 85, 95, 44, 61, 2, 25, 65, 42, 3, 58, 60, 70, 55, 18, 2, 55, 88, 37, 14, 75, 68, 62, 89, 29, 7, 74, 44, 83, 96, 38, 38, 14, 85, 70, 1, 86, 41, 87, 48, 50, 59, 38, 70, 45, 53, 69, 74, 21, 71, 89, 53, 100, 13, 73, 40, 27, 1, 54,
74, 42, 59, 13, 40, 61, 96, 84, 70, 97, 93, 85, 83, 47, 25, 8, 65, 64, 24, 90, 97, 49, 68, 87, 95, 46, 32, 7, 18, 19, 67, 55, 54, 31, 98, 25, 15, 85, 46, 57, 46, 34, 98, 70, 35, 64, 13, 96, 35, 50, 96, 91, 100, 31, 83, 20, 37, 60, 20, 99, 50, 81, 34, 38, 13, 37, 75, 48, 25, 14, 12, 76, 24, 89, 31, 97, 8, 29, 59, 79, 26, 33, 69, 6, 68, 25, 63, 27, 28,
9, 18, 36, 21, 79, 10, 80, 50, 100, 45, 52, 22, 58, 82, 61, 59, 82, 76, 30, 97, 31, 97, 48, 14, 62, 87, 78, 75, 86, 24, 67, 40, 91, 96, 73, 90, 43, 5, 46, 73, 74, 32, 80, 67, 9, 55, 23, 80, 40, 42, 42, 23, 81, 48, 86, 18, 2, 94, 5, 83, 97, 87, 64, 47, 2, 8, 84, 71, 89, 53, 57, 18, 62, 93, 63, 43, 74, 13, 85, 63, 72, 45, 27, 78, 63, 17, 33, 98,
80, 38, 35, 1, 29, 22, 70, 93, 31, 38, 27, 54, 95, 79, 98, 69, 89, 74, 88, 16, 81, 13, 4, 29, 82, 41, 70, 69, 96, 83, 75, 13, 64, 10, 78, 57, 55, 82, 88, 58, 80, 24, 86, 94, 60, 60, 87, 98, 43, 88, 23, 31, 22, 60, 99, 71, 74, 45, 2, 86, 1, 18, 96, 53, 87, 43, 47, 68, 92, 24, 43, 40, 67, 19, 45, 17, 76, 55, 53, 24, 21, 12, 7, 90, 97, 73, 60,
68, 34, 52, 60, 6, 93, 30, 42, 18, 68, 46, 37, 4, 54, 74, 54, 33, 11, 25, 5, 45, 91, 9, 23, 1, 18, 8, 12, 45, 84, 26, 8, 46, 94, 93, 63, 22, 36, 82, 55, 24, 10, 88, 31, 4, 34, 42, 54, 86, 56, 60, 30, 11, 9, 46, 74, 59, 21, 58, 17, 98, 43, 8, 50, 23, 15, 22, 89, 55, 64, 98, 66, 11, 37, 23, 75, 5, 38, 47, 30, 47, 9, 79, 20, 24, 80,
55, 13, 10, 73, 51, 47, 6, 24, 19, 16, 66, 1, 96, 99, 70, 62, 7, 78, 28, 87, 16, 86, 7, 30, 70, 66, 79, 55, 1, 42, 88, 94, 2, 86, 3, 64, 52, 88, 70, 54, 53, 21, 97, 95, 31, 88, 75, 10, 94, 65, 36, 96, 36, 92, 24, 24, 2, 86, 45, 47, 99, 68, 40, 91, 48, 67, 37, 71, 35, 50, 84, 10, 88, 74, 92, 97, 48, 46, 78, 14, 5, 69, 68, 74, 45,
47, 57, 24, 86, 64, 46, 7, 77, 59, 68, 70, 74, 32, 11, 43, 95, 67, 19, 25, 42, 57, 59, 32, 77, 77, 22, 50, 72, 47, 54, 96, 38, 1, 4, 69, 30, 77, 31, 33, 50, 11, 98, 37, 16, 42, 86, 87, 39, 11, 77, 55, 80, 15, 82, 27, 44, 69, 76, 30, 75, 60, 85, 43, 44, 23, 57, 48, 80, 10, 4, 41, 50, 46, 59, 78, 35, 91, 50, 87, 77, 87, 6, 38, 70,
77, 62, 57, 76, 76, 70, 4, 86, 43, 42, 45, 27, 2, 8, 81, 20, 71, 66, 52, 59, 27, 34, 90, 54, 46, 88, 57, 59, 100, 51, 21, 22, 33, 10, 61, 89, 2, 60, 96, 58, 88, 46, 41, 98, 61, 2, 34, 55, 44, 56, 88, 33, 96, 14, 31, 60, 62, 91, 33, 36, 20, 80, 48, 57, 84, 62, 78, 9, 85, 93, 8, 66, 87, 36, 32, 15, 16, 38, 57, 16, 24, 84, 57,
72, 65, 11, 94, 56, 87, 4, 18, 34, 12, 64, 73, 69, 12, 17, 42, 12, 8, 72, 40, 45, 37, 9, 76, 13, 31, 1, 93, 9, 41, 34, 92, 78, 23, 3, 62, 77, 61, 31, 98, 28, 89, 100, 81, 23, 73, 61, 38, 7, 49, 59, 100, 34, 34, 38, 41, 44, 86, 78, 6, 13, 16, 44, 11, 28, 82, 12, 81, 44, 23, 77, 91, 13, 53, 54, 87, 81, 32, 99, 48, 33, 47,
48, 16, 47, 84, 33, 77, 84, 19, 20, 68, 39, 68, 92, 17, 72, 70, 47, 49, 35, 47, 76, 81, 83, 80, 48, 35, 19, 50, 71, 38, 27, 17, 1, 93, 16, 14, 64, 97, 14, 76, 61, 53, 71, 6, 98, 19, 94, 62, 57, 82, 90, 69, 70, 99, 74, 65, 55, 15, 68, 34, 100, 93, 35, 62, 4, 10, 60, 9, 35, 1, 19, 41, 56, 96, 80, 21, 33, 64, 86, 17, 83,
40, 96, 88, 6, 57, 26, 71, 20, 64, 100, 65, 64, 12, 55, 15, 35, 80, 20, 78, 35, 39, 98, 30, 93, 72, 20, 10, 14, 15, 87, 51, 5, 81, 23, 47, 54, 97, 46, 52, 39, 86, 63, 61, 85, 1, 3, 19, 37, 62, 94, 67, 36, 23, 80, 56, 51, 2, 88, 59, 67, 39, 5, 43, 53, 64, 36, 85, 44, 11, 78, 82, 1, 67, 54, 10, 22, 33, 78, 9, 87,
80, 12, 1, 62, 71, 75, 40, 43, 53, 43, 13, 21, 52, 56, 45, 87, 58, 75, 85, 25, 60, 45, 58, 1, 45, 63, 80, 17, 31, 13, 10, 81, 63, 80, 66, 92, 81, 74, 96, 18, 15, 14, 60, 84, 73, 13, 19, 65, 4, 47, 77, 10, 75, 41, 79, 13, 58, 71, 74, 51, 97, 99, 34, 95, 62, 78, 24, 45, 24, 46, 90, 76, 60, 99, 70, 19, 78, 52, 98,
89, 40, 57, 69, 75, 91, 92, 55, 23, 7, 39, 59, 47, 23, 18, 22, 52, 84, 50, 4, 56, 37, 72, 59, 5, 1, 87, 50, 14, 84, 14, 95, 17, 25, 25, 67, 74, 43, 80, 68, 13, 62, 68, 87, 91, 25, 38, 45, 10, 77, 48, 5, 34, 5, 37, 82, 82, 50, 24, 4, 51, 34, 64, 73, 30, 37, 58, 59, 33, 99, 87, 4, 43, 26, 40, 1, 100, 6,
36, 17, 75, 35, 81, 88, 71, 77, 14, 1, 66, 67, 27, 20, 11, 25, 59, 28, 91, 1, 54, 88, 15, 90, 66, 11, 41, 17, 96, 87, 69, 4, 4, 44, 48, 13, 69, 54, 56, 31, 36, 92, 5, 27, 57, 39, 4, 56, 91, 75, 64, 57, 35, 67, 30, 37, 17, 80, 22, 63, 46, 27, 84, 38, 54, 97, 26, 65, 62, 78, 2, 81, 38, 30, 15, 78, 67,
18, 37, 83, 2, 23, 16, 52, 18, 52, 54, 94, 29, 30, 96, 57, 76, 82, 41, 12, 47, 19, 33, 71, 98, 30, 48, 21, 84, 85, 52, 91, 93, 10, 21, 33, 24, 5, 15, 81, 66, 72, 73, 1, 50, 81, 53, 42, 66, 35, 89, 14, 36, 73, 44, 37, 7, 96, 68, 58, 73, 74, 1, 55, 68, 93, 92, 64, 23, 79, 78, 47, 65, 6, 20, 90, 76,
21, 15, 58, 28, 55, 66, 83, 47, 73, 60, 31, 23, 90, 52, 77, 49, 87, 68, 62, 61, 66, 57, 46, 14, 34, 89, 30, 41, 86, 65, 50, 94, 88, 43, 82, 83, 93, 75, 61, 89, 36, 9, 90, 71, 56, 48, 56, 38, 75, 93, 66, 96, 91, 76, 4, 63, 6, 87, 25, 81, 89, 73, 10, 78, 79, 60, 85, 61, 1, 97, 63, 43, 63, 20, 73,
33, 71, 45, 81, 46, 68, 41, 17, 69, 31, 18, 53, 20, 41, 24, 83, 95, 60, 31, 33, 80, 41, 28, 87, 36, 90, 65, 19, 97, 98, 15, 7, 65, 69, 14, 57, 85, 27, 30, 93, 23, 21, 51, 70, 53, 43, 72, 5, 67, 9, 81, 82, 37, 49, 49, 47, 92, 1, 69, 32, 5, 61, 40, 72, 93, 49, 58, 54, 38, 9, 35, 73, 5, 80,
22, 28, 29, 65, 3, 82, 95, 71, 25, 90, 1, 62, 67, 6, 52, 19, 19, 19, 47, 16, 39, 73, 37, 47, 48, 13, 63, 31, 43, 60, 54, 86, 24, 67, 75, 18, 14, 34, 6, 18, 68, 24, 71, 96, 4, 97, 31, 73, 11, 25, 7, 75, 38, 39, 64, 93, 71, 81, 39, 69, 65, 60, 100, 29, 87, 1, 49, 28, 48, 79, 20, 60, 16,
4, 50, 53, 28, 19, 48, 32, 26, 99, 94, 5, 72, 32, 44, 28, 43, 60, 2, 47, 87, 18, 52, 70, 39, 64, 36, 71, 88, 79, 21, 19, 11, 25, 86, 70, 12, 1, 8, 39, 17, 2, 70, 51, 3, 62, 11, 8, 43, 90, 67, 35, 73, 10, 100, 3, 95, 65, 52, 12, 37, 44, 98, 45, 16, 49, 71, 74, 61, 40, 30, 89, 17,
79, 98, 52, 57, 14, 43, 59, 66, 93, 3, 27, 11, 100, 96, 36, 74, 82, 17, 56, 42, 40, 12, 10, 71, 94, 10, 60, 48, 87, 2, 55, 44, 6, 39, 27, 64, 38, 67, 96, 89, 6, 71, 29, 63, 50, 71, 43, 76, 60, 55, 73, 82, 94, 3, 75, 14, 56, 92, 4, 10, 56, 65, 92, 23, 27, 29, 64, 38, 20, 76, 60,
95, 76, 77, 73, 29, 25, 76, 33, 70, 66, 56, 20, 89, 31, 83, 77, 85, 93, 99, 67, 46, 58, 21, 42, 9, 89, 12, 18, 40, 97, 23, 30, 36, 38, 89, 93, 51, 45, 6, 18, 53, 8, 93, 69, 81, 16, 31, 90, 14, 15, 72, 1, 27, 72, 65, 72, 83, 16, 12, 77, 96, 41, 11, 1, 88, 46, 66, 67, 59, 62,
100, 84, 49, 33, 45, 95, 9, 47, 15, 49, 35, 60, 55, 79, 55, 36, 92, 44, 7, 55, 32, 50, 10, 93, 83, 50, 89, 100, 45, 47, 79, 16, 70, 94, 73, 1, 79, 64, 32, 74, 43, 21, 61, 60, 67, 16, 24, 63, 6, 8, 4, 7, 86, 1, 75, 15, 49, 82, 70, 45, 55, 81, 71, 35, 10, 17, 14, 47, 43,
49, 36, 32, 41, 42, 53, 78, 82, 28, 23, 4, 17, 41, 34, 67, 76, 21, 27, 76, 39, 59, 71, 29, 22, 72, 59, 32, 92, 90, 49, 47, 20, 91, 15, 73, 42, 77, 41, 19, 8, 61, 51, 26, 5, 19, 99, 29, 1, 38, 73, 67, 22, 92, 40, 24, 39, 79, 79, 24, 61, 49, 3, 71, 15, 15, 88, 1, 14,
75, 72, 54, 28, 50, 99, 12, 18, 63, 41, 62, 66, 100, 16, 6, 97, 88, 3, 6, 99, 93, 24, 73, 96, 62, 65, 78, 13, 11, 47, 5, 70, 3, 7, 99, 62, 53, 82, 22, 93, 21, 28, 17, 95, 67, 65, 34, 42, 48, 48, 13, 91, 24, 86, 86, 98, 37, 55, 50, 5, 80, 64, 74, 77, 10, 76, 86,
89, 77, 78, 10, 6, 3, 59, 1, 56, 27, 63, 42, 58, 64, 91, 29, 59, 61, 94, 14, 63, 6, 55, 17, 29, 45, 11, 7, 21, 70, 95, 55, 73, 56, 49, 70, 22, 67, 89, 7, 65, 6, 50, 9, 9, 88, 66, 68, 1, 93, 81, 89, 93, 79, 14, 68, 98, 31, 20, 84, 73, 78, 21, 12, 56, 87,
85, 61, 68, 19, 45, 1, 7, 29, 26, 32, 59, 88, 78, 26, 48, 87, 96, 53, 25, 8, 38, 46, 63, 100, 66, 3, 19, 18, 25, 90, 62, 43, 49, 76, 10, 34, 60, 1, 71, 66, 21, 13, 45, 33, 85, 32, 60, 19, 21, 36, 16, 74, 51, 41, 72, 50, 81, 1, 17, 60, 60, 75, 84, 39, 9,
1, 45, 8, 36, 31, 92, 17, 47, 84, 37, 4, 50, 60, 34, 8, 22, 29, 28, 88, 48, 36, 39, 75, 97, 91, 30, 41, 35, 60, 28, 52, 83, 20, 86, 100, 15, 64, 29, 67, 32, 32, 69, 90, 80, 78, 37, 74, 97, 20, 86, 56, 43, 83, 43, 98, 78, 28, 97, 21, 17, 93, 79, 13, 74,
33, 59, 24, 86, 48, 81, 14, 42, 94, 75, 29, 66, 99, 55, 66, 42, 97, 56, 96, 40, 27, 73, 63, 78, 56, 22, 11, 23, 67, 39, 55, 45, 20, 75, 81, 28, 49, 24, 77, 74, 47, 27, 74, 57, 6, 71, 67, 42, 93, 90, 95, 29, 15, 36, 43, 14, 25, 29, 83, 38, 49, 81, 89,
34, 21, 57, 29, 80, 23, 96, 74, 41, 87, 19, 30, 76, 71, 89, 68, 48, 77, 77, 86, 84, 12, 11, 74, 41, 55, 13, 20, 16, 5, 94, 22, 23, 21, 46, 14, 53, 1, 43, 47, 13, 64, 70, 23, 64, 77, 42, 7, 59, 97, 8, 8, 28, 63, 25, 86, 48, 64, 29, 58, 49, 58,
79, 26, 94, 66, 66, 6, 41, 81, 98, 57, 100, 88, 77, 61, 30, 57, 62, 70, 19, 52, 85, 71, 93, 17, 80, 67, 75, 37, 54, 49, 3, 73, 97, 98, 32, 3, 35, 23, 92, 83, 30, 88, 57, 13, 23, 37, 92, 22, 44, 91, 76, 2, 64, 89, 81, 38, 14, 32, 77, 52, 15,
11, 60, 30, 1, 5, 47, 81, 82, 23, 56, 43, 49, 9, 9, 46, 8, 57, 30, 15, 54, 89, 35, 15, 17, 21, 16, 23, 47, 79, 90, 38, 25, 13, 15, 6, 2, 18, 36, 30, 36, 48, 44, 91, 45, 5, 14, 3, 2, 66, 39, 80, 79, 59, 4, 4, 45, 18, 7, 5, 38,
90, 67, 12, 65, 39, 30, 20, 8, 90, 26, 4, 34, 56, 3, 21, 78, 88, 27, 66, 31, 55, 47, 31, 77, 13, 52, 80, 97, 94, 50, 95, 53, 18, 24, 26, 93, 8, 36, 42, 79, 48, 3, 92, 72, 100, 20, 21, 42, 67, 28, 70, 45, 62, 71, 50, 14, 99, 50, 96,
76, 20, 39, 78, 83, 18, 72, 54, 90, 88, 89, 66, 29, 73, 51, 78, 43, 78, 43, 56, 51, 69, 72, 42, 25, 49, 85, 91, 52, 95, 39, 87, 84, 30, 30, 42, 1, 8, 10, 92, 93, 77, 74, 25, 59, 3, 13, 43, 69, 27, 6, 57, 96, 28, 80, 47, 95, 3,
14, 39, 21, 81, 52, 21, 67, 2, 32, 84, 77, 49, 76, 49, 6, 31, 15, 56, 85, 23, 38, 68, 7, 35, 43, 34, 24, 71, 73, 72, 23, 41, 76, 63, 83, 63, 6, 75, 9, 45, 20, 81, 16, 93, 56, 18, 93, 56, 54, 71, 83, 18, 49, 79, 47, 55, 39,
73, 84, 8, 68, 100, 83, 99, 21, 20, 19, 38, 15, 43, 52, 24, 57, 86, 59, 57, 30, 41, 82, 74, 65, 87, 8, 71, 21, 44, 16, 1, 67, 79, 52, 28, 82, 93, 8, 96, 48, 95, 76, 91, 94, 53, 26, 72, 27, 30, 72, 21, 66, 48, 56, 68, 56,
7, 90, 58, 57, 38, 52, 36, 14, 52, 6, 59, 52, 82, 36, 8, 1, 79, 100, 92, 78, 46, 87, 40, 79, 61, 37, 43, 97, 23, 23, 61, 4, 25, 64, 12, 69, 46, 25, 8, 12, 82, 7, 73, 70, 30, 22, 8, 97, 23, 34, 63, 40, 99, 54, 14,
99, 28, 38, 30, 79, 99, 7, 48, 85, 97, 1, 64, 54, 17, 100, 62, 87, 87, 56, 61, 62, 77, 19, 95, 54, 11, 24, 35, 56, 88, 21, 12, 53, 91, 54, 37, 61, 79, 3, 35, 92, 49, 56, 71, 67, 33, 39, 93, 65, 24, 11, 68, 42, 16,
26, 20, 13, 82, 31, 81, 16, 31, 87, 9, 51, 58, 72, 29, 70, 48, 25, 11, 36, 96, 42, 16, 27, 46, 53, 60, 30, 99, 91, 39, 89, 95, 59, 88, 7, 22, 88, 90, 10, 18, 85, 4, 82, 42, 48, 30, 53, 95, 8, 92, 93, 20, 19,
97, 57, 33, 76, 43, 17, 32, 85, 53, 27, 17, 75, 26, 18, 76, 95, 47, 65, 19, 78, 66, 11, 27, 86, 33, 4, 24, 24, 93, 16, 8, 94, 44, 3, 82, 65, 92, 8, 33, 5, 70, 19, 56, 50, 72, 97, 43, 21, 79, 13, 11, 35,
98, 92, 78, 93, 90, 23, 51, 48, 77, 96, 28, 76, 61, 82, 81, 65, 21, 91, 82, 59, 79, 94, 53, 66, 41, 44, 3, 18, 32, 21, 3, 99, 9, 80, 15, 15, 90, 7, 81, 41, 19, 27, 67, 72, 68, 12, 95, 33, 65, 30, 37,
12, 38, 53, 74, 42, 10, 14, 34, 76, 4, 4, 60, 51, 66, 24, 75, 26, 71, 66, 71, 68, 28, 73, 93, 48, 15, 52, 69, 79, 30, 34, 2, 11, 11, 86, 79, 48, 85, 30, 96, 24, 28, 29, 86, 22, 91, 62, 60, 54, 52,
87, 93, 24, 40, 73, 58, 66, 24, 8, 14, 91, 85, 36, 23, 91, 72, 38, 64, 47, 45, 30, 86, 81, 32, 26, 100, 35, 50, 61, 63, 82, 42, 84, 69, 69, 98, 24, 50, 7, 44, 38, 89, 4, 88, 68, 47, 51, 75, 17,
67, 22, 8, 45, 100, 94, 69, 39, 13, 63, 29, 55, 74, 65, 87, 2, 29, 94, 8, 41, 91, 41, 77, 74, 68, 79, 69, 85, 67, 68, 27, 48, 24, 98, 92, 77, 35, 69, 37, 95, 13, 19, 84, 97, 65, 26, 6, 53,
19, 76, 4, 2, 95, 67, 88, 55, 74, 70, 28, 44, 79, 14, 15, 34, 94, 49, 46, 23, 98, 9, 12, 12, 37, 38, 72, 98, 33, 93, 45, 30, 74, 85, 47, 21, 31, 96, 25, 58, 56, 58, 29, 32, 70, 100, 78,
43, 87, 45, 42, 22, 74, 31, 68, 10, 74, 63, 42, 17, 70, 65, 65, 26, 19, 71, 31, 86, 95, 18, 23, 24, 27, 16, 6, 26, 75, 15, 49, 36, 66, 72, 94, 54, 49, 80, 88, 3, 100, 18, 99, 46, 96,
84, 87, 67, 61, 56, 65, 88, 17, 60, 7, 23, 9, 94, 66, 58, 22, 79, 71, 87, 82, 82, 71, 2, 25, 43, 78, 78, 79, 6, 81, 55, 52, 87, 78, 1, 39, 75, 47, 49, 54, 91, 95, 17, 66, 87,
56, 92, 46, 45, 76, 93, 90, 53, 76, 11, 87, 42, 31, 5, 61, 78, 59, 88, 16, 63, 36, 28, 25, 61, 98, 24, 82, 2, 34, 8, 32, 78, 51, 7, 4, 39, 53, 80, 1, 14, 11, 69, 33, 72,
15, 2, 99, 76, 60, 61, 9, 82, 28, 59, 96, 75, 26, 98, 3, 20, 36, 12, 88, 7, 4, 4, 72, 38, 70, 28, 96, 11, 9, 28, 76, 20, 20, 96, 8, 81, 14, 26, 76, 70, 45, 53, 48,
3, 68, 14, 85, 20, 11, 74, 24, 30, 11, 85, 35, 49, 64, 100, 89, 98, 36, 99, 80, 99, 20, 20, 9, 20, 92, 4, 41, 83, 79, 47, 62, 13, 86, 88, 78, 71, 32, 23, 29, 89, 64,
26, 84, 80, 87, 13, 26, 6, 64, 96, 99, 23, 70, 93, 32, 81, 44, 56, 67, 13, 30, 82, 22, 38, 28, 26, 36, 8, 53, 40, 100, 57, 92, 30, 2, 6, 21, 59, 84, 61, 94, 76,
44, 33, 5, 82, 79, 24, 27, 38, 19, 50, 52, 25, 18, 61, 21, 42, 45, 2, 39, 15, 65, 21, 97, 51, 15, 80, 82, 82, 19, 29, 82, 53, 30, 90, 88, 17, 29, 3, 63, 4,
38, 31, 75, 16, 95, 17, 49, 60, 7, 100, 43, 44, 49, 8, 58, 85, 2, 31, 18, 88, 100, 43, 74, 57, 47, 29, 83, 16, 54, 83, 19, 60, 85, 37, 14, 74, 48, 61, 6,
49, 14, 88, 73, 65, 19, 18, 4, 82, 73, 95, 74, 89, 82, 26, 63, 77, 27, 86, 3, 68, 84, 17, 60, 73, 66, 90, 61, 1, 36, 11, 77, 75, 35, 82, 38, 68, 33,
55, 66, 37, 9, 29, 73, 77, 8, 25, 45, 95, 57, 35, 86, 36, 85, 93, 68, 30, 47, 70, 96, 39, 23, 33, 84, 10, 17, 7, 89, 82, 62, 19, 4, 20, 39, 39,
65, 56, 60, 70, 79, 64, 36, 31, 77, 55, 65, 32, 88, 84, 68, 17, 92, 72, 6, 81, 9, 42, 1, 97, 34, 73, 81, 42, 17, 31, 71, 81, 59, 95, 59, 63,
52, 32, 47, 92, 37, 99, 93, 53, 34, 57, 73, 6, 73, 91, 88, 82, 87, 98, 42, 55, 61, 63, 67, 33, 64, 69, 70, 46, 68, 43, 6, 84, 53, 85, 66,
81, 62, 23, 48, 31, 71, 50, 33, 66, 63, 99, 75, 69, 28, 39, 15, 51, 77, 22, 63, 61, 6, 93, 92, 87, 39, 26, 99, 41, 99, 99, 59, 35, 5,
89, 90, 3, 65, 6, 51, 24, 85, 43, 45, 26, 53, 9, 69, 17, 57, 78, 68, 19, 80, 20, 56, 52, 29, 99, 98, 73, 60, 24, 30, 24, 70, 54,
34, 25, 56, 13, 27, 5, 27, 3, 32, 9, 96, 76, 92, 99, 93, 67, 68, 5, 47, 88, 21, 86, 74, 60, 19, 73, 33, 7, 39, 58, 24, 33,
94, 94, 57, 34, 43, 3, 54, 78, 52, 45, 16, 91, 17, 63, 59, 73, 35, 88, 6, 35, 9, 73, 72, 2, 90, 87, 80, 12, 67, 18, 23,
63, 39, 1, 21, 47, 16, 6, 58, 14, 78, 44, 66, 71, 26, 95, 30, 64, 48, 46, 69, 95, 75, 27, 20, 76, 81, 50, 98, 17, 17,
21, 43, 73, 100, 87, 84, 84, 71, 32, 28, 49, 5, 37, 61, 18, 81, 45, 43, 9, 83, 97, 84, 12, 64, 72, 61, 57, 29, 27,
51, 93, 27, 22, 32, 44, 34, 75, 26, 75, 19, 80, 86, 56, 49, 62, 68, 12, 84, 29, 34, 36, 56, 46, 14, 48, 95, 48,
86, 63, 39, 68, 29, 45, 73, 14, 27, 7, 95, 66, 50, 55, 57, 61, 39, 45, 6, 22, 98, 32, 97, 34, 40, 47, 45,
4, 43, 3, 63, 64, 56, 75, 8, 70, 76, 91, 1, 63, 55, 86, 98, 60, 95, 25, 75, 53, 84, 40, 73, 20, 97,
98, 19, 87, 55, 93, 24, 42, 34, 68, 49, 71, 10, 37, 99, 53, 59, 54, 100, 49, 56, 21, 36, 22, 57, 51,
69, 40, 50, 56, 23, 53, 38, 41, 95, 11, 21, 96, 96, 4, 13, 95, 84, 94, 10, 5, 77, 82, 78, 31,
65, 28, 93, 24, 95, 39, 10, 4, 29, 71, 96, 19, 53, 86, 3, 42, 39, 75, 26, 86, 79, 52, 76,
46, 47, 97, 35, 15, 82, 98, 91, 95, 34, 55, 69, 62, 91, 25, 11, 96, 92, 33, 71, 85, 51,
13, 70, 3, 22, 72, 22, 99, 100, 47, 96, 42, 98, 46, 9, 45, 78, 23, 75, 96, 10, 64,
72, 88, 87, 38, 79, 12, 60, 84, 1, 32, 34, 6, 43, 63, 14, 83, 69, 17, 63, 40,
45, 84, 33, 72, 26, 19, 80, 49, 60, 18, 65, 22, 100, 43, 27, 6, 18, 24, 16,
69, 49, 69, 18, 19, 82, 65, 10, 19, 65, 59, 39, 14, 78, 12, 53, 85, 82,
10, 69, 80, 78, 67, 1, 80, 82, 92, 49, 9, 65, 94, 59, 96, 88, 33,
89, 32, 27, 77, 30, 74, 32, 58, 58, 19, 50, 57, 87, 48, 57, 37,
4, 98, 43, 26, 56, 23, 87, 32, 87, 56, 6, 11, 9, 50, 33,
73, 96, 24, 60, 91, 16, 62, 64, 13, 90, 75, 17, 65, 18,
26, 46, 5, 71, 82, 61, 53, 88, 70, 27, 81, 94, 7,
8, 67, 76, 99, 62, 63, 1, 34, 32, 34, 54, 77,
66, 57, 71, 62, 26, 5, 5, 35, 57, 25, 93,
86, 90, 14, 100, 22, 94, 3, 100, 46, 25,
68, 49, 7, 48, 2, 47, 40, 62, 45,
58, 86, 8, 29, 29, 60, 90, 96,
36, 94, 47, 12, 9, 67, 19,
53, 7, 64, 40, 68, 35,
35, 99, 11, 14, 29,
44, 97, 59, 65,
39, 9, 35,
68, 13,
96