NAME = AISearchfile100,
SIZE = 100,
36, 27, 22, 79, 12, 46, 77, 86, 85, 92, 51, 58, 13, 43, 50, 43, 35, 34, 14, 76, 58, 62, 16, 3, 98, 26, 77, 47, 73, 21, 86, 92, 43, 21, 65, 38, 90, 96, 97, 21, 65, 84, 80, 36, 47, 51, 88, 85, 20, 84, 64, 59, 3, 48, 93, 33, 15, 31, 81, 23, 17, 29, 18, 55, 95, 8, 92, 78, 40, 79, 10, 94, 60, 48, 35, 78, 90, 81, 11, 64, 45, 96, 74, 9, 79, 84, 53, 21, 8, 63, 47, 2, 54, 22, 15, 56, 48, 63, 25,
54, 74, 4, 32, 15, 59, 48, 62, 11, 13, 40, 4, 58, 19, 62, 29, 71, 26, 40, 38, 22, 19, 17, 3, 5, 63, 70, 37, 2, 77, 99, 32, 77, 35, 27, 12, 64, 68, 64, 29, 9, 5, 43, 45, 40, 66, 16, 62, 86, 5, 67, 24, 65, 28, 39, 87, 85, 56, 88, 8, 65, 12, 4, 25, 39, 75, 4, 50, 72, 85, 44, 31, 96, 46, 55, 4, 100, 62, 75, 85, 39, 75, 31, 97, 9, 9, 5, 90, 85, 51, 77, 100, 3, 14, 83, 95, 80, 38,
57, 25, 4, 26, 88, 62, 40, 18, 42, 59, 4, 18, 50, 98, 7, 88, 94, 48, 21, 96, 5, 63, 66, 4, 53, 44, 47, 86, 24, 57, 58, 69, 49, 57, 52, 1, 61, 48, 100, 100, 72, 77, 87, 49, 43, 38, 39, 72, 4, 91, 95, 69, 1, 83, 38, 78, 18, 79, 73, 43, 76, 24, 89, 71, 36, 91, 35, 98, 88, 49, 6, 48, 22, 16, 37, 29, 19, 41, 19, 58, 44, 2, 25, 99, 96, 55, 48, 48, 27, 12, 72, 65, 47, 21, 26, 16, 97,
21, 87, 12, 20, 23, 63, 35, 86, 97, 62, 16, 71, 50, 43, 17, 86, 35, 25, 49, 65, 18, 40, 9, 59, 5, 40, 83, 100, 35, 23, 4, 64, 79, 4, 27, 99, 87, 35, 5, 96, 73, 71, 18, 17, 10, 30, 3, 36, 1, 75, 69, 53, 40, 78, 93, 79, 51, 65, 49, 79, 62, 4, 5, 16, 28, 45, 14, 70, 90, 39, 31, 63, 90, 25, 63, 26, 62, 64, 52, 30, 45, 47, 75, 87, 98, 84, 89, 99, 77, 50, 22, 40, 68, 18, 90, 53,
32, 24, 1, 24, 83, 25, 67, 29, 77, 14, 45, 59, 47, 48, 68, 51, 37, 48, 46, 36, 37, 70, 65, 17, 74, 6, 20, 5, 31, 14, 25, 38, 78, 99, 5, 48, 91, 80, 72, 65, 78, 66, 62, 42, 21, 45, 79, 59, 6, 58, 29, 67, 58, 50, 32, 68, 60, 82, 80, 36, 33, 92, 37, 17, 36, 81, 29, 82, 6, 13, 17, 31, 90, 65, 82, 36, 60, 89, 40, 83, 67, 94, 37, 100, 89, 44, 67, 29, 36, 53, 42, 25, 71, 37, 18,
28, 69, 30, 50, 77, 34, 96, 64, 84, 6, 86, 38, 47, 41, 40, 11, 19, 43, 8, 50, 28, 26, 73, 16, 86, 31, 95, 100, 28, 57, 58, 84, 14, 97, 12, 84, 98, 62, 75, 14, 62, 35, 18, 5, 34, 83, 65, 3, 22, 33, 85, 35, 11, 88, 40, 76, 27, 92, 32, 47, 58, 82, 65, 96, 23, 58, 56, 13, 79, 75, 84, 50, 41, 89, 43, 61, 72, 99, 8, 12, 4, 29, 83, 84, 33, 21, 65, 32, 69, 48, 34, 15, 86, 29,
25, 98, 87, 26, 100, 59, 39, 38, 27, 92, 6, 34, 2, 39, 65, 46, 51, 42, 67, 73, 43, 3, 98, 20, 73, 21, 44, 92, 40, 28, 22, 85, 89, 46, 58, 5, 2, 44, 30, 70, 1, 35, 74, 97, 33, 71, 25, 78, 92, 6, 79, 34, 39, 51, 34, 6, 85, 42, 51, 28, 73, 35, 70, 56, 41, 91, 27, 43, 90, 1, 52, 54, 78, 52, 81, 32, 90, 42, 81, 98, 2, 23, 54, 61, 82, 31, 31, 46, 56, 29, 49, 95, 53,
7, 33, 27, 85, 88, 36, 50, 60, 43, 74, 19, 99, 28, 10, 88, 61, 92, 6, 54, 78, 12, 47, 34, 65, 60, 91, 60, 42, 26, 11, 62, 82, 83, 50, 60, 9, 88, 56, 33, 48, 6, 36, 92, 89, 82, 41, 37, 57, 3, 40, 27, 7, 88, 78, 5, 72, 8, 12, 26, 92, 99, 80, 94, 64, 36, 49, 77, 26, 36, 33, 30, 10, 90, 73, 91, 69, 97, 3, 26, 98, 71, 26, 47, 70, 14, 88, 15, 94, 46, 83, 36, 89,
72, 31, 10, 68, 24, 87, 7, 52, 90, 35, 87, 100, 14, 8, 56, 68, 38, 60, 15, 40, 24, 80, 12, 60, 29, 76, 82, 37, 52, 95, 45, 13, 86, 82, 95, 82, 59, 83, 14, 21, 85, 1, 61, 72, 5, 45, 82, 23, 51, 49, 57, 91, 16, 65, 91, 11, 15, 74, 69, 59, 13, 80, 90, 91, 86, 57, 8, 24, 21, 38, 100, 30, 92, 21, 93, 84, 78, 36, 22, 78, 73, 76, 54, 82, 42, 31, 66, 11, 71, 2, 23,
77, 28, 79, 27, 29, 25, 69, 13, 39, 80, 54, 4, 58, 57, 29, 66, 98, 42, 11, 91, 18, 92, 36, 22, 6, 24, 27, 53, 60, 87, 62, 28, 27, 99, 90, 89, 62, 58, 63, 9, 3, 16, 55, 90, 38, 3, 27, 85, 90, 33, 88, 20, 51, 37, 65, 100, 97, 5, 1, 9, 89, 20, 84, 56, 10, 9, 85, 38, 96, 52, 33, 95, 41, 68, 98, 87, 64, 7, 75, 12, 30, 61, 17, 74, 84, 45, 26, 20, 73, 4,
23, 83, 97, 50, 25, 37, 20, 6, 30, 9, 75, 8, 52, 10, 14, 97, 53, 99, 39, 87, 90, 35, 61, 84, 4, 47, 5, 49, 48, 36, 30, 15, 63, 50, 59, 33, 12, 56, 45, 2, 68, 1, 23, 38, 49, 89, 37, 4, 50, 63, 88, 83, 62, 62, 20, 80, 80, 81, 22, 92, 39, 46, 79, 5, 97, 47, 82, 7, 89, 90, 50, 69, 27, 26, 73, 57, 15, 12, 67, 60, 61, 71, 90, 97, 37, 75, 96, 16, 74,
34, 55, 98, 41, 74, 96, 39, 60, 74, 11, 55, 59, 61, 63, 67, 72, 61, 55, 20, 40, 42, 96, 1, 27, 48, 67, 70, 39, 46, 24, 98, 31, 74, 48, 81, 85, 31, 73, 2, 57, 78, 57, 99, 93, 44, 13, 100, 74, 98, 58, 80, 46, 13, 19, 16, 50, 40, 26, 33, 63, 37, 91, 22, 41, 83, 35, 17, 57, 32, 72, 70, 42, 26, 57, 27, 83, 94, 82, 26, 100, 2, 74, 25, 60, 99, 26, 36, 75,
11, 69, 33, 42, 53, 62, 63, 16, 33, 87, 3, 30, 82, 43, 31, 32, 8, 33, 82, 72, 73, 7, 20, 1, 13, 17, 18, 97, 42, 20, 20, 82, 8, 96, 48, 3, 9, 78, 49, 22, 38, 99, 74, 26, 84, 91, 32, 77, 71, 54, 85, 14, 25, 95, 44, 18, 25, 73, 4, 38, 89, 11, 89, 65, 39, 43, 86, 51, 19, 13, 49, 45, 10, 32, 52, 85, 36, 50, 44, 82, 35, 20, 50, 6, 10, 48, 62,
7, 53, 100, 72, 78, 48, 72, 88, 62, 98, 10, 65, 37, 24, 33, 46, 2, 19, 47, 95, 62, 53, 41, 39, 84, 43, 17, 20, 47, 8, 68, 14, 92, 4, 35, 45, 88, 34, 16, 39, 92, 95, 24, 95, 29, 40, 25, 75, 49, 78, 70, 97, 42, 29, 19, 69, 86, 48, 14, 31, 72, 30, 94, 67, 16, 70, 78, 29, 42, 58, 21, 4, 91, 13, 5, 32, 2, 42, 8, 93, 64, 71, 92, 94, 41, 85,
14, 6, 50, 25, 35, 8, 76, 94, 63, 82, 12, 96, 25, 28, 10, 15, 72, 5, 91, 41, 33, 4, 74, 12, 53, 6, 62, 28, 98, 69, 25, 6, 25, 100, 13, 77, 100, 91, 21, 26, 56, 26, 29, 32, 25, 39, 43, 100, 8, 25, 62, 53, 39, 17, 26, 30, 69, 36, 26, 25, 41, 30, 76, 9, 46, 13, 90, 6, 1, 85, 3, 9, 14, 67, 38, 82, 90, 35, 73, 11, 24, 85, 74, 54, 32,
42, 40, 69, 10, 53, 19, 76, 36, 75, 35, 99, 23, 44, 84, 54, 88, 93, 44, 95, 31, 78, 85, 77, 26, 47, 32, 22, 27, 54, 96, 97, 59, 82, 16, 26, 42, 35, 51, 87, 40, 92, 16, 33, 52, 56, 92, 8, 53, 44, 78, 61, 99, 62, 75, 86, 78, 14, 16, 56, 81, 46, 57, 63, 31, 57, 6, 75, 60, 21, 75, 98, 22, 30, 74, 27, 91, 46, 56, 30, 20, 1, 9, 34, 27,
98, 11, 3, 77, 95, 66, 12, 13, 65, 99, 8, 71, 19, 10, 20, 80, 46, 68, 76, 65, 69, 28, 29, 53, 98, 2, 23, 7, 64, 10, 47, 1, 21, 31, 57, 15, 58, 65, 22, 64, 39, 45, 23, 93, 92, 10, 9, 75, 53, 71, 70, 96, 39, 56, 13, 14, 12, 67, 28, 32, 24, 85, 20, 65, 4, 65, 57, 26, 26, 54, 79, 54, 7, 65, 48, 25, 18, 73, 10, 19, 27, 2, 85,
15, 16, 73, 61, 4, 75, 15, 49, 88, 63, 52, 11, 52, 11, 41, 74, 6, 34, 25, 81, 98, 28, 89, 50, 74, 79, 16, 52, 87, 26, 37, 36, 9, 64, 25, 3, 19, 52, 78, 95, 11, 45, 31, 46, 70, 47, 49, 38, 2, 41, 44, 28, 59, 99, 56, 28, 80, 69, 68, 55, 38, 26, 4, 54, 56, 65, 58, 75, 50, 41, 87, 64, 10, 43, 71, 42, 12, 62, 37, 24, 33, 31,
2, 78, 4, 71, 76, 47, 29, 44, 90, 54, 84, 66, 92, 85, 78, 61, 40, 48, 5, 91, 81, 97, 27, 49, 64, 54, 30, 48, 49, 19, 71, 32, 68, 19, 78, 57, 96, 65, 46, 68, 97, 72, 29, 68, 3, 54, 22, 61, 16, 81, 42, 94, 9, 70, 55, 74, 66, 96, 36, 27, 29, 97, 87, 9, 5, 70, 28, 90, 49, 41, 37, 69, 92, 47, 88, 23, 59, 45, 4, 97, 47,
12, 32, 20, 64, 23, 12, 9, 65, 91, 3, 79, 67, 72, 92, 98, 5, 47, 71, 73, 46, 70, 80, 79, 50, 71, 14, 38, 89, 82, 70, 86, 64, 20, 37, 1, 67, 41, 55, 45, 23, 90, 67, 79, 56, 63, 94, 39, 68, 25, 14, 78, 47, 68, 34, 41, 20, 48, 46, 22, 29, 28, 17, 2, 4, 25, 56, 74, 63, 28, 87, 98, 50, 25, 61, 63, 95, 61, 79, 38, 46,
59, 95, 4, 56, 96, 88, 31, 54, 77, 27, 12, 5, 66, 30, 40, 80, 89, 6, 33, 47, 85, 49, 22, 37, 72, 28, 25, 31, 70, 17, 88, 100, 20, 51, 12, 100, 18, 19, 24, 76, 100, 48, 97, 58, 90, 20, 19, 16, 14, 71, 48, 99, 56, 16, 51, 84, 97, 10, 78, 59, 63, 47, 59, 62, 78, 58, 41, 22, 93, 3, 83, 79, 72, 86, 16, 36, 80, 59, 35,
82, 24, 64, 32, 17, 9, 74, 60, 89, 27, 23, 63, 75, 80, 42, 13, 85, 18, 26, 55, 86, 81, 87, 92, 6, 33, 68, 27, 75, 63, 87, 5, 68, 69, 24, 89, 79, 10, 11, 48, 95, 61, 51, 95, 45, 25, 11, 9, 24, 54, 99, 27, 74, 4, 63, 5, 85, 64, 42, 66, 19, 81, 99, 70, 27, 37, 4, 26, 15, 10, 91, 56, 39, 26, 72, 37, 2, 49,
12, 62, 60, 25, 17, 48, 47, 82, 25, 57, 24, 68, 50, 96, 3, 2, 33, 43, 14, 17, 25, 51, 3, 68, 68, 64, 98, 79, 12, 19, 96, 81, 75, 51, 19, 31, 16, 37, 76, 33, 40, 24, 29, 35, 27, 76, 5, 47, 43, 29, 95, 92, 57, 16, 37, 26, 44, 81, 60, 93, 36, 91, 24, 100, 6, 41, 21, 76, 5, 25, 25, 44, 28, 78, 10, 7, 32,
23, 93, 73, 92, 57, 96, 19, 58, 25, 37, 36, 70, 1, 68, 32, 84, 94, 66, 96, 53, 100, 97, 25, 51, 60, 38, 66, 39, 28, 77, 52, 91, 37, 71, 99, 71, 21, 63, 59, 59, 12, 81, 90, 29, 66, 63, 67, 4, 54, 49, 69, 7, 76, 47, 16, 87, 6, 50, 74, 52, 26, 69, 36, 88, 26, 42, 83, 38, 64, 22, 78, 72, 9, 2, 76, 12,
99, 32, 73, 46, 92, 10, 80, 60, 84, 70, 70, 55, 36, 34, 44, 75, 13, 77, 86, 14, 7, 81, 3, 4, 58, 96, 43, 44, 54, 85, 62, 14, 24, 82, 53, 3, 57, 28, 24, 79, 85, 78, 32, 31, 92, 14, 55, 72, 19, 94, 33, 1, 72, 39, 21, 13, 25, 18, 35, 44, 99, 71, 5, 87, 97, 90, 88, 78, 29, 37, 33, 9, 76, 92, 73,
90, 81, 86, 83, 2, 68, 10, 79, 77, 12, 56, 89, 2, 53, 16, 49, 76, 2, 22, 73, 29, 54, 42, 80, 72, 23, 39, 86, 93, 26, 44, 51, 96, 69, 17, 10, 21, 49, 87, 42, 60, 5, 29, 95, 77, 54, 71, 100, 9, 6, 89, 33, 43, 91, 83, 95, 37, 6, 12, 86, 90, 96, 87, 27, 10, 4, 40, 68, 13, 64, 5, 75, 28, 34,
88, 53, 17, 98, 65, 4, 31, 33, 29, 12, 68, 47, 64, 84, 86, 51, 86, 91, 14, 11, 54, 64, 56, 40, 27, 36, 62, 85, 51, 49, 9, 16, 78, 68, 32, 78, 57, 40, 66, 11, 61, 32, 12, 86, 97, 20, 4, 4, 26, 40, 47, 43, 59, 65, 58, 86, 37, 95, 84, 36, 4, 61, 64, 60, 80, 24, 42, 13, 68, 89, 61, 87, 43,
28, 16, 3, 5, 25, 3, 63, 29, 55, 10, 16, 76, 33, 88, 7, 16, 25, 41, 64, 40, 92, 71, 66, 53, 81, 27, 75, 65, 65, 16, 46, 30, 68, 57, 64, 14, 77, 23, 1, 14, 92, 10, 43, 1, 8, 87, 52, 47, 13, 2, 100, 32, 100, 38, 49, 24, 91, 53, 64, 53, 66, 38, 98, 58, 28, 90, 80, 13, 54, 6, 7, 10,
72, 6, 74, 11, 31, 71, 100, 57, 88, 77, 91, 32, 69, 59, 33, 34, 29, 2, 7, 55, 97, 91, 26, 89, 44, 93, 25, 50, 25, 3, 39, 52, 69, 73, 41, 74, 79, 8, 62, 58, 13, 37, 24, 95, 42, 72, 12, 55, 59, 14, 27, 82, 75, 74, 88, 99, 24, 10, 79, 22, 92, 89, 78, 32, 42, 15, 27, 88, 17, 39, 64,
63, 41, 98, 2, 21, 72, 26, 7, 82, 71, 57, 26, 4, 85, 80, 68, 22, 48, 58, 60, 43, 88, 63, 27, 63, 80, 15, 49, 60, 15, 26, 7, 87, 24, 71, 94, 94, 2, 80, 4, 71, 44, 93, 28, 80, 95, 6, 46, 11, 6, 94, 2, 29, 76, 32, 11, 72, 71, 68, 47, 62, 35, 93, 91, 41, 98, 24, 92, 82, 78,
56, 20, 75, 22, 74, 70, 48, 75, 74, 88, 73, 36, 74, 39, 32, 13, 26, 19, 83, 82, 12, 55, 8, 44, 77, 41, 20, 48, 99, 40, 74, 92, 82, 73, 44, 6, 47, 97, 18, 80, 78, 37, 83, 71, 98, 25, 45, 7, 54, 53, 61, 76, 22, 32, 13, 48, 68, 61, 62, 49, 93, 96, 23, 5, 94, 27, 46, 85, 93,
22, 7, 100, 77, 84, 69, 29, 72, 17, 28, 39, 92, 46, 25, 35, 45, 75, 53, 36, 59, 28, 23, 78, 37, 36, 71, 56, 50, 34, 81, 40, 24, 51, 52, 59, 41, 6, 75, 93, 72, 97, 23, 84, 5, 49, 60, 58, 24, 13, 8, 91, 25, 53, 58, 94, 75, 6, 10, 79, 87, 17, 40, 75, 70, 28, 71, 93, 87,
63, 8, 86, 89, 95, 86, 56, 59, 5, 79, 6, 95, 76, 20, 93, 99, 72, 74, 2, 71, 66, 91, 33, 59, 23, 56, 50, 52, 31, 94, 26, 64, 78, 86, 76, 36, 98, 5, 80, 65, 98, 31, 14, 4, 62, 37, 87, 77, 13, 38, 78, 44, 25, 69, 53, 100, 9, 27, 99, 49, 46, 89, 24, 10, 10, 62, 17,
19, 39, 93, 99, 57, 2, 1, 16, 97, 46, 54, 55, 8, 40, 96, 2, 82, 51, 20, 28, 45, 75, 38, 51, 83, 86, 46, 60, 43, 94, 30, 34, 27, 71, 5, 57, 50, 24, 59, 54, 13, 11, 67, 76, 27, 57, 47, 34, 74, 79, 97, 75, 6, 36, 26, 52, 65, 71, 1, 29, 7, 36, 10, 16, 91, 60,
59, 77, 82, 64, 21, 14, 29, 44, 10, 48, 12, 62, 78, 91, 74, 17, 57, 7, 80, 69, 30, 93, 63, 57, 61, 81, 72, 59, 39, 54, 7, 6, 98, 29, 29, 14, 79, 99, 35, 19, 56, 53, 73, 10, 22, 15, 69, 83, 34, 37, 91, 9, 1, 29, 1, 78, 98, 64, 9, 41, 63, 10, 17, 24, 4,
95, 36, 48, 59, 90, 64, 44, 44, 68, 92, 23, 72, 82, 35, 36, 28, 65, 28, 52, 32, 96, 17, 62, 40, 46, 39, 66, 54, 70, 46, 35, 1, 93, 30, 55, 34, 92, 95, 55, 84, 1, 30, 44, 96, 29, 13, 30, 35, 95, 12, 83, 81, 25, 52, 6, 82, 3, 11, 79, 86, 17, 99, 6, 82,
61, 46, 76, 1, 31, 65, 88, 59, 79, 1, 60, 55, 79, 86, 47, 42, 60, 94, 9, 67, 72, 15, 46, 60, 90, 51, 42, 58, 82, 56, 92, 64, 59, 35, 98, 69, 74, 52, 90, 78, 93, 74, 94, 42, 69, 37, 42, 54, 74, 38, 24, 34, 1, 47, 80, 28, 60, 7, 9, 81, 25, 80, 81,
81, 88, 1, 51, 18, 77, 83, 62, 14, 74, 87, 68, 31, 58, 98, 73, 33, 52, 50, 51, 6, 97, 20, 16, 69, 45, 57, 20, 2, 67, 76, 97, 24, 24, 84, 22, 38, 13, 60, 24, 45, 16, 84, 18, 30, 92, 73, 31, 78, 85, 73, 87, 29, 70, 45, 85, 67, 62, 68, 88, 81, 97,
77, 89, 22, 85, 10, 63, 70, 86, 14, 73, 34, 50, 34, 82, 34, 67, 28, 76, 16, 32, 9, 69, 7, 82, 26, 41, 33, 16, 13, 44, 5, 21, 45, 1, 59, 65, 90, 78, 93, 37, 35, 66, 37, 77, 91, 75, 10, 13, 93, 71, 25, 21, 90, 40, 19, 54, 87, 28, 64, 12, 77,
41, 63, 64, 80, 60, 57, 66, 14, 62, 49, 79, 75, 1, 59, 97, 89, 67, 61, 29, 87, 44, 65, 29, 97, 35, 4, 44, 90, 6, 44, 96, 78, 37, 14, 63, 57, 7, 26, 19, 86, 83, 37, 16, 22, 4, 68, 56, 77, 86, 18, 84, 45, 69, 34, 81, 5, 94, 21, 57, 67,
85, 14, 19, 23, 26, 37, 37, 9, 21, 27, 27, 9, 26, 79, 92, 71, 20, 62, 89, 35, 83, 86, 99, 77, 100, 28, 47, 96, 17, 7, 6, 23, 14, 12, 74, 93, 45, 16, 88, 72, 12, 39, 97, 23, 93, 74, 65, 95, 5, 68, 79, 93, 41, 92, 45, 100, 69, 8, 32,
18, 54, 1, 12, 40, 13, 42, 71, 69, 10, 19, 67, 17, 23, 50, 27, 53, 95, 99, 50, 52, 61, 63, 30, 99, 92, 40, 16, 57, 15, 3, 2, 28, 52, 28, 86, 48, 75, 85, 70, 3, 60, 98, 60, 32, 61, 95, 98, 40, 80, 23, 19, 10, 1, 3, 4, 7, 23,
21, 35, 19, 90, 12, 62, 11, 95, 27, 44, 70, 80, 54, 63, 83, 55, 77, 27, 80, 23, 53, 84, 66, 85, 25, 27, 78, 93, 55, 71, 49, 71, 42, 34, 32, 26, 39, 100, 40, 20, 27, 100, 87, 76, 91, 72, 85, 61, 60, 83, 75, 69, 73, 100, 97, 84, 12,
14, 61, 70, 94, 25, 83, 49, 96, 69, 29, 62, 82, 3, 83, 42, 92, 42, 26, 8, 54, 90, 67, 64, 16, 78, 90, 27, 39, 62, 97, 92, 55, 47, 66, 78, 33, 53, 38, 82, 79, 100, 1, 87, 46, 12, 51, 99, 20, 46, 14, 62, 72, 37, 81, 72, 25,
21, 49, 58, 89, 84, 88, 63, 17, 92, 90, 66, 7, 24, 32, 10, 27, 71, 28, 84, 57, 63, 39, 38, 13, 10, 24, 78, 19, 88, 36, 58, 40, 47, 61, 73, 46, 70, 60, 72, 17, 61, 58, 61, 12, 57, 16, 1, 1, 91, 88, 17, 73, 65, 62, 84,
3, 86, 26, 70, 67, 30, 92, 65, 58, 37, 8, 30, 65, 42, 40, 1, 75, 96, 39, 41, 98, 49, 26, 67, 95, 62, 40, 88, 26, 93, 5, 46, 5, 47, 55, 85, 11, 59, 76, 29, 14, 36, 54, 59, 17, 86, 9, 20, 64, 5, 51, 8, 32, 65,
40, 61, 55, 28, 1, 57, 95, 69, 31, 22, 78, 24, 66, 22, 77, 64, 59, 64, 94, 3, 44, 58, 19, 91, 59, 77, 65, 39, 54, 35, 80, 75, 99, 76, 13, 18, 72, 98, 63, 3, 62, 58, 27, 71, 24, 95, 69, 86, 61, 74, 7, 7, 29,
88, 4, 58, 56, 8, 95, 33, 18, 12, 21, 6, 72, 16, 68, 88, 19, 20, 35, 87, 40, 82, 12, 22, 30, 74, 95, 26, 58, 59, 2, 83, 82, 88, 59, 60, 63, 68, 99, 26, 62, 15, 68, 94, 87, 41, 61, 45, 43, 79, 96, 50, 45,
88, 86, 58, 20, 94, 45, 33, 54, 56, 79, 13, 20, 7, 28, 34, 38, 32, 80, 38, 16, 99, 57, 36, 46, 74, 90, 16, 89, 61, 44, 29, 58, 55, 61, 70, 72, 73, 53, 63, 6, 99, 3, 32, 13, 37, 18, 11, 63, 86, 18, 55,
29, 83, 64, 32, 24, 17, 33, 27, 1, 95, 70, 69, 20, 71, 78, 84, 63, 88, 85, 85, 2, 4, 63, 2, 22, 9, 39, 30, 43, 46, 43, 45, 82, 35, 86, 41, 34, 87, 27, 32, 84, 2, 2, 94, 60, 80, 46, 40, 82, 48,
70, 25, 12, 3, 88, 80, 96, 71, 82, 52, 70, 47, 49, 34, 97, 61, 61, 42, 93, 45, 39, 79, 28, 17, 28, 30, 56, 78, 52, 75, 51, 2, 35, 44, 3, 89, 46, 3, 56, 6, 89, 19, 21, 66, 35, 94, 63, 99, 35,
49, 29, 55, 61, 66, 50, 9, 27, 71, 26, 25, 61, 85, 19, 28, 81, 86, 17, 41, 55, 1, 74, 23, 8, 75, 75, 76, 72, 85, 8, 95, 4, 64, 11, 58, 77, 90, 95, 11, 6, 84, 29, 54, 88, 46, 64, 95, 53,
66, 93, 31, 30, 54, 18, 4, 23, 9, 83, 38, 92, 56, 83, 98, 24, 8, 21, 45, 35, 96, 26, 34, 54, 54, 23, 28, 93, 80, 23, 62, 20, 19, 64, 10, 67, 63, 69, 23, 25, 83, 87, 63, 85, 30, 15, 20,
65, 7, 34, 68, 19, 48, 60, 4, 39, 77, 7, 5, 45, 45, 20, 5, 13, 100, 23, 13, 40, 76, 94, 18, 18, 59, 100, 12, 22, 45, 35, 49, 49, 92, 53, 13, 92, 44, 73, 56, 28, 7, 43, 91, 54, 87,
31, 3, 66, 18, 73, 95, 70, 24, 77, 82, 32, 86, 68, 79, 52, 20, 23, 99, 78, 37, 9, 22, 57, 60, 50, 83, 21, 13, 19, 12, 45, 75, 38, 87, 17, 77, 50, 92, 8, 60, 82, 2, 78, 2, 74,
43, 7, 2, 73, 30, 45, 81, 19, 85, 33, 49, 10, 27, 51, 66, 41, 32, 57, 48, 92, 16, 61, 11, 57, 22, 75, 17, 87, 95, 37, 94, 72, 36, 64, 8, 77, 97, 30, 85, 70, 19, 22, 73, 79,
72, 42, 67, 75, 76, 13, 97, 61, 10, 85, 17, 27, 79, 31, 99, 35, 84, 88, 91, 14, 9, 35, 55, 11, 88, 7, 63, 25, 75, 78, 73, 71, 55, 74, 73, 61, 90, 84, 23, 74, 89, 54, 2,
20, 57, 25, 42, 82, 79, 77, 44, 94, 68, 90, 16, 4, 19, 70, 63, 14, 66, 87, 58, 65, 39, 11, 33, 15, 28, 23, 30, 76, 3, 58, 58, 63, 32, 43, 12, 1, 1, 12, 31, 62, 38,
46, 4, 52, 21, 68, 39, 39, 49, 19, 95, 76, 45, 18, 38, 3, 6, 3, 24, 44, 57, 36, 53, 95, 23, 54, 96, 60, 29, 90, 57, 36, 29, 52, 35, 93, 70, 26, 37, 44, 55, 37,
74, 16, 39, 13, 91, 42, 61, 95, 48, 51, 83, 97, 40, 29, 24, 27, 11, 69, 12, 93, 8, 33, 56, 96, 16, 58, 34, 52, 7, 27, 13, 18, 32, 97, 88, 59, 44, 43, 18, 47,
32, 16, 49, 85, 93, 39, 22, 39, 65, 60, 27, 27, 39, 37, 19, 59, 71, 69, 47, 71, 87, 64, 92, 50, 5, 87, 93, 14, 4, 75, 17, 5, 65, 29, 24, 11, 42, 98, 49,
63, 26, 36, 26, 45, 30, 58, 80, 92, 96, 64, 47, 62, 70, 31, 31, 14, 53, 31, 14, 37, 10, 41, 14, 61, 7, 8, 9, 61, 16, 83, 38, 21, 20, 91, 58, 64, 74,
64, 38, 34, 72, 45, 47, 49, 78, 55, 57, 28, 80, 25, 14, 29, 2, 14, 32, 82, 98, 44, 62, 21, 33, 70, 19, 50, 66, 29, 91, 11, 51, 52, 33, 85, 13, 45,
9, 44, 90, 12, 6, 26, 84, 77, 44, 50, 33, 83, 38, 20, 56, 73, 36, 52, 78, 87, 83, 50, 82, 43, 48, 26, 2, 69, 7, 100, 18, 98, 32, 42, 87, 76,
44, 8, 68, 99, 94, 68, 94, 77, 52, 85, 96, 30, 77, 25, 60, 91, 64, 72, 9, 86, 35, 38, 13, 41, 66, 61, 11, 57, 36, 21, 5, 34, 68, 96, 24,
49, 54, 76, 23, 12, 51, 68, 8, 58, 54, 96, 18, 6, 42, 20, 20, 73, 35, 10, 55, 15, 7, 75, 4, 61, 56, 8, 88, 24, 82, 92, 31, 90, 94,
65, 19, 58, 3, 94, 36, 7, 20, 37, 6, 5, 45, 25, 42, 62, 87, 86, 24, 91, 26, 89, 15, 50, 37, 75, 89, 48, 78, 22, 44, 78, 34, 94,
83, 54, 61, 3, 62, 39, 28, 25, 60, 51, 96, 96, 97, 49, 42, 95, 20, 70, 25, 11, 55, 56, 92, 12, 13, 14, 25, 89, 66, 40, 51, 46,
65, 34, 46, 76, 21, 46, 55, 91, 62, 86, 66, 69, 18, 59, 81, 58, 75, 27, 54, 65, 77, 18, 52, 70, 70, 50, 48, 30, 94, 94, 34,
9, 9, 68, 95, 16, 60, 60, 38, 40, 43, 9, 76, 5, 81, 26, 20, 62, 15, 48, 88, 42, 95, 43, 11, 51, 9, 6, 45, 73, 54,
34, 90, 59, 75, 10, 40, 12, 86, 88, 84, 82, 77, 1, 11, 63, 29, 65, 20, 28, 35, 79, 81, 68, 58, 89, 96, 56, 98, 92,
74, 31, 11, 91, 22, 34, 23, 59, 30, 60, 93, 61, 22, 72, 9, 3, 89, 76, 10, 67, 97, 54, 37, 88, 72, 29, 18, 14,
4, 70, 15, 58, 53, 5, 37, 97, 94, 67, 53, 46, 82, 24, 69, 15, 70, 32, 46, 9, 76, 60, 71, 78, 19, 53, 90,
86, 10, 96, 52, 90, 9, 9, 4, 64, 66, 47, 53, 57, 1, 2, 6, 12, 6, 7, 65, 4, 44, 43, 78, 72, 81,
96, 98, 4, 3, 36, 75, 95, 85, 33, 29, 30, 98, 78, 55, 32, 99, 90, 53, 91, 97, 24, 67, 94, 4, 54,
54, 77, 100, 73, 18, 82, 97, 7, 55, 42, 37, 95, 2, 28, 33, 75, 85, 44, 79, 94, 34, 46, 64, 35,
45, 26, 87, 26, 13, 64, 50, 61, 44, 55, 26, 8, 53, 90, 2, 79, 1, 12, 98, 26, 95, 9, 73,
83, 66, 53, 4, 51, 15, 57, 83, 57, 30, 75, 90, 35, 12, 8, 11, 74, 76, 20, 62, 71, 15,
94, 48, 22, 44, 33, 49, 98, 30, 24, 6, 57, 51, 70, 78, 53, 95, 93, 51, 10, 66, 96,
58, 37, 66, 29, 41, 19, 52, 88, 46, 25, 21, 37, 68, 46, 98, 59, 26, 66, 2, 26,
91, 47, 96, 6, 41, 40, 69, 41, 52, 27, 29, 14, 61, 37, 14, 19, 17, 93, 53,
33, 59, 24, 90, 87, 22, 37, 44, 59, 21, 49, 22, 92, 36, 87, 17, 64, 54,
55, 41, 3, 46, 88, 10, 5, 78, 8, 83, 51, 42, 96, 82, 46, 74, 92,
62, 28, 24, 11, 33, 52, 70, 71, 7, 93, 95, 90, 35, 23, 14, 23,
50, 99, 36, 10, 91, 41, 3, 64, 93, 49, 22, 16, 83, 65, 81,
58, 99, 22, 34, 4, 50, 36, 97, 56, 17, 7, 5, 82, 91,
74, 1, 48, 83, 80, 16, 44, 42, 23, 88, 72, 74, 54,
62, 42, 16, 26, 43, 32, 94, 49, 42, 95, 91, 83,
67, 55, 66, 72, 88, 35, 28, 52, 45, 47, 6,
45, 97, 91, 34, 73, 15, 72, 69, 94, 50,
71, 86, 38, 5, 72, 10, 93, 42, 54,
38, 31, 72, 18, 64, 89, 75, 67,
91, 92, 85, 53, 4, 48, 96,
35, 88, 4, 52, 85, 24,
78, 44, 83, 97, 58,
98, 47, 77, 46,
37, 56, 85,
7, 94,
95