NAME = AISearchfile100,
SIZE = 100,
60, 97, 87, 25, 12, 35, 77, 9, 80, 27, 14, 69, 26, 40, 94, 47, 13, 91, 18, 69, 84, 70, 87, 74, 93, 73, 2, 19, 73, 71, 45, 15, 93, 65, 57, 16, 29, 8, 49, 1, 2, 70, 3, 90, 50, 91, 57, 26, 96, 19, 54, 42, 40, 64, 58, 60, 98, 29, 96, 70, 66, 48, 2, 88, 10, 70, 45, 9, 27, 94, 37, 23, 51, 42, 28, 12, 97, 86, 41, 59, 25, 82, 97, 32, 38, 56, 79, 62, 54, 71, 15, 14, 3, 4, 15, 72, 39, 16, 37,
1, 80, 22, 88, 38, 48, 62, 2, 68, 43, 10, 74, 5, 53, 51, 74, 7, 22, 15, 40, 52, 88, 28, 95, 69, 78, 2, 23, 79, 46, 10, 32, 36, 19, 44, 54, 48, 41, 6, 78, 41, 38, 32, 82, 21, 97, 82, 38, 32, 34, 52, 79, 34, 69, 51, 85, 78, 2, 11, 19, 65, 45, 9, 62, 75, 77, 40, 30, 22, 67, 60, 50, 45, 87, 15, 48, 89, 17, 52, 100, 35, 35, 36, 80, 18, 92, 25, 18, 76, 19, 11, 15, 60, 64, 29, 46, 64, 79,
99, 24, 26, 71, 33, 44, 58, 19, 85, 12, 8, 42, 95, 23, 73, 46, 93, 91, 80, 14, 48, 65, 10, 18, 93, 73, 83, 97, 63, 7, 27, 94, 88, 85, 70, 38, 40, 53, 94, 27, 63, 29, 84, 50, 18, 56, 72, 27, 32, 40, 68, 54, 69, 2, 56, 45, 78, 99, 23, 94, 8, 29, 90, 81, 15, 56, 82, 47, 98, 89, 62, 73, 80, 4, 1, 73, 77, 77, 30, 27, 42, 25, 58, 59, 14, 46, 17, 73, 6, 83, 54, 58, 98, 63, 11, 53, 49,
36, 96, 68, 59, 74, 70, 27, 12, 96, 34, 95, 14, 73, 60, 11, 92, 71, 62, 45, 43, 83, 100, 24, 18, 88, 81, 57, 8, 36, 61, 53, 8, 35, 69, 76, 57, 60, 6, 58, 39, 7, 31, 90, 58, 5, 5, 18, 32, 92, 88, 70, 45, 96, 30, 82, 63, 80, 48, 53, 90, 6, 18, 46, 35, 43, 96, 15, 51, 9, 74, 47, 2, 78, 6, 87, 11, 31, 56, 49, 49, 97, 33, 7, 7, 31, 42, 72, 84, 67, 77, 50, 60, 35, 2, 48, 100,
15, 20, 20, 56, 94, 100, 81, 86, 4, 40, 54, 39, 53, 87, 80, 15, 30, 32, 84, 45, 71, 1, 9, 18, 8, 50, 1, 34, 48, 93, 64, 12, 52, 72, 17, 78, 48, 50, 7, 15, 1, 81, 44, 99, 89, 48, 84, 54, 74, 80, 92, 89, 62, 62, 99, 67, 55, 68, 68, 51, 1, 64, 75, 26, 91, 6, 22, 76, 13, 55, 43, 79, 8, 91, 27, 41, 5, 81, 7, 63, 1, 92, 73, 80, 48, 85, 5, 69, 50, 66, 100, 64, 83, 86, 1,
7, 100, 69, 53, 51, 93, 27, 63, 55, 98, 90, 1, 83, 31, 41, 76, 2, 30, 99, 7, 69, 16, 57, 42, 51, 18, 17, 5, 2, 72, 22, 37, 61, 47, 89, 94, 30, 79, 14, 76, 85, 52, 46, 36, 66, 71, 71, 48, 62, 59, 90, 34, 97, 77, 34, 56, 57, 32, 95, 48, 6, 78, 52, 89, 37, 43, 41, 28, 60, 17, 55, 79, 82, 19, 92, 49, 85, 75, 75, 29, 84, 68, 56, 41, 13, 76, 4, 35, 23, 83, 19, 49, 76, 52,
26, 13, 65, 40, 78, 31, 52, 80, 7, 89, 75, 75, 21, 49, 33, 71, 96, 61, 29, 54, 26, 89, 18, 59, 3, 63, 35, 40, 63, 89, 25, 77, 84, 15, 56, 24, 1, 28, 32, 31, 63, 66, 50, 28, 71, 85, 76, 45, 68, 87, 19, 3, 91, 35, 77, 99, 4, 95, 81, 29, 20, 13, 58, 68, 40, 11, 6, 28, 7, 78, 87, 54, 10, 29, 11, 59, 74, 23, 94, 73, 50, 63, 6, 64, 68, 17, 29, 24, 98, 77, 84, 17, 99,
56, 52, 14, 84, 27, 46, 82, 70, 65, 91, 59, 91, 42, 24, 81, 25, 56, 75, 95, 35, 78, 50, 3, 5, 9, 6, 13, 68, 86, 32, 80, 50, 59, 36, 44, 12, 36, 3, 43, 27, 42, 38, 15, 12, 30, 46, 67, 97, 72, 12, 28, 14, 24, 18, 45, 55, 9, 53, 3, 14, 84, 45, 56, 48, 58, 61, 64, 28, 6, 56, 27, 5, 30, 14, 28, 80, 89, 59, 43, 7, 22, 91, 13, 11, 57, 99, 54, 77, 70, 24, 27, 90,
47, 61, 18, 58, 47, 82, 52, 4, 94, 10, 71, 82, 10, 29, 60, 34, 9, 80, 10, 15, 22, 76, 83, 70, 18, 75, 98, 90, 4, 14, 14, 54, 62, 40, 83, 21, 24, 58, 36, 72, 94, 56, 23, 13, 67, 49, 82, 19, 88, 77, 76, 1, 1, 21, 68, 62, 10, 51, 87, 37, 23, 69, 28, 71, 72, 66, 81, 76, 86, 55, 89, 78, 89, 66, 15, 52, 94, 6, 35, 4, 49, 69, 74, 45, 72, 4, 76, 90, 81, 59, 76,
52, 18, 84, 81, 10, 64, 49, 41, 79, 53, 77, 93, 41, 47, 75, 23, 16, 53, 59, 41, 81, 23, 9, 25, 10, 87, 50, 8, 79, 73, 40, 42, 73, 69, 74, 65, 19, 65, 18, 91, 21, 53, 30, 14, 75, 25, 38, 23, 4, 83, 17, 72, 13, 42, 69, 37, 100, 35, 13, 78, 41, 81, 49, 89, 3, 43, 29, 1, 26, 7, 39, 55, 70, 55, 53, 11, 27, 67, 40, 11, 47, 69, 79, 50, 60, 15, 40, 46, 16, 94,
71, 10, 41, 84, 27, 42, 33, 10, 39, 45, 68, 60, 66, 100, 88, 44, 37, 89, 7, 5, 51, 40, 49, 34, 63, 37, 47, 21, 88, 61, 40, 71, 98, 45, 67, 4, 93, 64, 98, 77, 74, 83, 67, 33, 99, 58, 91, 56, 5, 56, 54, 55, 51, 3, 25, 70, 95, 68, 15, 83, 74, 43, 36, 77, 52, 82, 9, 41, 27, 13, 36, 4, 39, 74, 7, 11, 71, 74, 75, 5, 18, 62, 75, 71, 7, 96, 37, 71, 35,
12, 93, 54, 54, 72, 53, 40, 17, 82, 73, 1, 25, 51, 38, 48, 4, 50, 78, 5, 29, 62, 21, 90, 84, 7, 61, 54, 78, 12, 24, 33, 27, 39, 27, 86, 7, 58, 63, 56, 4, 57, 100, 23, 86, 26, 78, 6, 64, 72, 69, 15, 88, 95, 21, 93, 55, 18, 19, 5, 5, 21, 28, 52, 64, 83, 41, 76, 7, 57, 47, 40, 9, 12, 17, 7, 89, 69, 57, 77, 50, 56, 74, 53, 97, 19, 39, 69, 79,
73, 46, 92, 87, 69, 37, 97, 99, 77, 80, 63, 47, 91, 78, 10, 22, 44, 43, 87, 67, 1, 59, 97, 27, 33, 82, 58, 63, 27, 78, 48, 61, 26, 75, 82, 26, 29, 15, 24, 34, 77, 63, 63, 96, 62, 3, 56, 70, 68, 86, 21, 5, 91, 59, 58, 89, 26, 24, 4, 9, 88, 15, 36, 96, 63, 73, 39, 76, 72, 63, 74, 99, 30, 7, 37, 48, 100, 99, 54, 2, 31, 32, 81, 40, 96, 75, 12,
1, 70, 94, 50, 7, 83, 59, 45, 2, 67, 75, 25, 95, 77, 80, 45, 47, 88, 62, 6, 94, 44, 100, 53, 41, 66, 53, 51, 90, 91, 64, 87, 69, 70, 10, 5, 21, 24, 7, 2, 52, 3, 90, 17, 10, 99, 49, 15, 90, 49, 56, 37, 71, 11, 19, 6, 93, 52, 70, 24, 24, 52, 10, 88, 96, 25, 27, 53, 39, 73, 92, 55, 10, 43, 61, 14, 65, 52, 27, 44, 61, 1, 20, 18, 50, 34,
37, 27, 53, 53, 1, 49, 23, 21, 39, 70, 79, 35, 27, 9, 29, 19, 73, 19, 60, 30, 48, 83, 14, 28, 71, 62, 41, 85, 3, 14, 26, 65, 8, 71, 15, 20, 49, 32, 40, 77, 96, 52, 92, 10, 26, 78, 50, 71, 9, 60, 86, 2, 68, 16, 23, 74, 65, 6, 67, 83, 15, 28, 24, 15, 15, 49, 82, 41, 14, 16, 40, 52, 30, 20, 26, 54, 96, 7, 66, 32, 94, 27, 26, 49, 25,
27, 61, 69, 17, 26, 52, 14, 43, 35, 27, 3, 81, 41, 82, 35, 34, 6, 92, 37, 90, 28, 82, 92, 32, 78, 37, 63, 24, 80, 48, 33, 67, 60, 49, 35, 41, 61, 44, 49, 10, 54, 94, 81, 34, 37, 42, 64, 13, 95, 50, 76, 29, 87, 66, 61, 18, 3, 8, 46, 36, 22, 50, 92, 85, 10, 94, 8, 6, 20, 96, 75, 61, 72, 90, 82, 58, 71, 65, 28, 44, 5, 84, 66, 29,
16, 87, 20, 93, 85, 10, 28, 83, 76, 23, 3, 100, 65, 1, 15, 87, 17, 56, 5, 88, 99, 22, 67, 39, 87, 63, 34, 75, 74, 59, 92, 2, 4, 40, 81, 20, 11, 55, 38, 28, 47, 62, 54, 67, 50, 3, 1, 37, 78, 50, 42, 8, 32, 80, 100, 94, 78, 53, 71, 68, 78, 45, 94, 84, 71, 73, 46, 44, 79, 16, 40, 61, 22, 35, 90, 85, 96, 76, 3, 47, 74, 79, 53,
25, 18, 99, 84, 95, 35, 30, 52, 69, 52, 74, 18, 62, 41, 21, 27, 31, 94, 17, 55, 14, 69, 82, 24, 45, 52, 49, 9, 45, 34, 17, 3, 19, 54, 68, 57, 31, 95, 69, 65, 58, 39, 68, 11, 28, 1, 100, 5, 64, 83, 4, 42, 54, 29, 97, 95, 71, 42, 8, 10, 55, 75, 18, 48, 91, 66, 91, 91, 77, 84, 37, 53, 28, 93, 49, 62, 40, 13, 53, 38, 37, 14,
27, 2, 78, 46, 71, 65, 37, 54, 80, 86, 54, 39, 31, 26, 44, 12, 84, 52, 58, 93, 43, 94, 80, 29, 20, 93, 15, 58, 3, 27, 24, 31, 34, 69, 52, 7, 7, 52, 95, 74, 99, 48, 24, 47, 1, 63, 9, 70, 59, 33, 10, 11, 10, 70, 28, 37, 14, 75, 47, 51, 40, 34, 11, 6, 13, 95, 79, 37, 3, 30, 13, 69, 30, 4, 47, 90, 80, 70, 41, 44, 70,
45, 88, 99, 41, 86, 47, 33, 14, 37, 37, 78, 15, 78, 84, 96, 4, 82, 59, 33, 58, 71, 24, 66, 14, 5, 47, 17, 81, 20, 12, 60, 4, 45, 69, 6, 29, 69, 44, 29, 45, 98, 93, 71, 18, 91, 48, 100, 68, 81, 65, 76, 44, 65, 93, 59, 42, 65, 43, 94, 23, 14, 22, 47, 8, 58, 13, 24, 77, 98, 93, 57, 24, 8, 30, 49, 88, 45, 36, 4, 7,
66, 53, 97, 40, 6, 62, 48, 57, 94, 61, 1, 68, 3, 53, 76, 46, 92, 54, 48, 100, 76, 3, 53, 99, 81, 64, 71, 11, 22, 14, 4, 25, 48, 35, 66, 36, 67, 68, 12, 39, 8, 74, 56, 29, 99, 45, 79, 57, 3, 97, 93, 40, 40, 94, 17, 77, 28, 57, 49, 4, 72, 11, 98, 66, 94, 79, 66, 68, 31, 2, 17, 28, 21, 52, 36, 8, 52, 16, 33,
61, 51, 32, 5, 5, 60, 11, 91, 14, 91, 67, 87, 46, 38, 11, 92, 42, 77, 67, 54, 36, 94, 43, 70, 57, 19, 94, 64, 79, 27, 83, 19, 65, 70, 77, 66, 2, 22, 32, 21, 55, 99, 18, 79, 77, 34, 53, 24, 49, 25, 32, 5, 12, 84, 50, 73, 87, 24, 75, 55, 47, 23, 2, 52, 99, 31, 100, 5, 56, 35, 57, 46, 34, 85, 53, 45, 21, 95,
53, 75, 17, 15, 10, 87, 98, 76, 44, 22, 51, 70, 64, 33, 99, 61, 66, 26, 69, 49, 58, 100, 98, 35, 22, 71, 55, 83, 19, 76, 90, 64, 90, 17, 99, 66, 51, 13, 19, 84, 24, 14, 48, 37, 55, 95, 72, 49, 9, 90, 77, 22, 33, 3, 22, 30, 72, 23, 16, 5, 43, 60, 70, 69, 5, 67, 76, 56, 48, 53, 51, 29, 76, 86, 10, 40, 13,
11, 77, 70, 95, 9, 21, 10, 61, 92, 95, 5, 49, 26, 41, 52, 57, 24, 97, 15, 88, 43, 84, 53, 41, 9, 91, 23, 23, 10, 5, 88, 8, 72, 71, 14, 49, 51, 98, 30, 26, 36, 21, 92, 84, 39, 19, 37, 83, 25, 21, 96, 85, 95, 73, 58, 13, 20, 99, 78, 82, 20, 5, 72, 99, 10, 70, 22, 44, 2, 19, 39, 3, 88, 44, 98, 70,
1, 75, 15, 69, 9, 88, 60, 26, 34, 20, 50, 59, 25, 35, 52, 21, 42, 15, 4, 94, 58, 47, 49, 97, 62, 64, 56, 59, 42, 47, 16, 49, 96, 16, 60, 20, 43, 88, 63, 64, 31, 31, 34, 73, 87, 68, 68, 19, 52, 35, 84, 98, 65, 78, 71, 17, 51, 91, 98, 58, 17, 19, 40, 76, 19, 67, 37, 64, 24, 37, 84, 45, 46, 24, 82,
76, 12, 78, 65, 34, 15, 54, 33, 27, 74, 23, 27, 36, 5, 73, 8, 17, 91, 53, 81, 78, 72, 99, 41, 37, 16, 72, 58, 91, 83, 29, 29, 47, 9, 70, 41, 86, 65, 25, 35, 74, 42, 78, 5, 71, 38, 38, 81, 8, 9, 66, 84, 18, 28, 46, 6, 81, 76, 33, 43, 73, 48, 65, 45, 51, 5, 40, 55, 62, 23, 37, 25, 65, 96,
97, 72, 21, 82, 1, 89, 74, 51, 76, 12, 58, 93, 89, 83, 54, 71, 8, 96, 64, 29, 78, 85, 36, 55, 85, 5, 5, 21, 56, 51, 69, 72, 3, 43, 96, 25, 53, 31, 37, 78, 87, 35, 87, 1, 62, 56, 30, 94, 60, 74, 85, 71, 85, 24, 66, 44, 7, 47, 7, 47, 11, 99, 1, 70, 53, 36, 20, 57, 21, 94, 61, 71, 15,
15, 88, 35, 58, 49, 95, 1, 60, 35, 45, 6, 55, 95, 40, 83, 86, 87, 38, 17, 31, 86, 55, 68, 7, 39, 35, 44, 89, 3, 95, 4, 46, 91, 25, 24, 37, 31, 38, 100, 61, 59, 16, 70, 4, 32, 45, 12, 47, 45, 99, 35, 39, 5, 86, 36, 50, 49, 39, 59, 1, 65, 27, 18, 98, 44, 56, 35, 28, 1, 93, 54, 83,
20, 73, 28, 8, 71, 98, 99, 89, 4, 7, 15, 70, 94, 70, 76, 89, 18, 99, 14, 22, 71, 64, 41, 69, 46, 85, 68, 69, 2, 37, 54, 65, 50, 57, 82, 65, 38, 37, 85, 19, 83, 79, 71, 92, 22, 62, 17, 7, 22, 98, 37, 52, 54, 16, 30, 70, 100, 86, 59, 54, 42, 2, 46, 74, 94, 51, 57, 48, 24, 24, 38,
22, 39, 26, 90, 36, 39, 24, 66, 48, 59, 30, 35, 47, 61, 58, 69, 35, 55, 47, 85, 47, 76, 30, 26, 10, 41, 13, 19, 17, 63, 64, 61, 23, 77, 82, 52, 11, 37, 5, 2, 84, 26, 63, 56, 91, 97, 46, 1, 74, 39, 98, 12, 5, 33, 67, 79, 14, 63, 49, 68, 21, 16, 69, 61, 37, 24, 18, 16, 36, 58,
73, 62, 74, 90, 20, 75, 45, 96, 36, 84, 47, 51, 8, 64, 76, 98, 49, 98, 19, 10, 72, 8, 36, 32, 100, 94, 45, 60, 17, 22, 71, 85, 1, 1, 81, 44, 67, 93, 58, 33, 57, 19, 21, 94, 15, 62, 83, 100, 99, 90, 59, 60, 57, 29, 30, 26, 7, 59, 2, 17, 9, 96, 26, 15, 72, 49, 81, 38, 89,
50, 12, 96, 18, 52, 85, 24, 64, 37, 20, 37, 33, 49, 19, 95, 11, 34, 65, 100, 37, 94, 64, 10, 89, 81, 25, 6, 8, 45, 57, 4, 96, 63, 17, 42, 93, 25, 100, 68, 22, 54, 49, 62, 91, 17, 58, 4, 94, 25, 37, 100, 66, 69, 75, 45, 19, 39, 32, 98, 59, 74, 11, 49, 97, 69, 86, 3, 12,
16, 64, 34, 3, 31, 65, 77, 74, 66, 78, 71, 94, 39, 60, 90, 59, 32, 4, 37, 56, 88, 76, 92, 39, 9, 58, 31, 74, 4, 63, 98, 90, 89, 28, 10, 68, 11, 87, 95, 25, 56, 57, 75, 11, 37, 70, 64, 90, 17, 13, 29, 63, 57, 27, 79, 62, 65, 1, 96, 42, 71, 46, 22, 57, 31, 50, 3,
32, 22, 44, 18, 34, 22, 7, 100, 67, 17, 94, 35, 52, 63, 86, 12, 44, 82, 18, 46, 14, 23, 66, 83, 69, 88, 82, 77, 59, 30, 83, 23, 2, 32, 52, 75, 2, 94, 24, 1, 10, 15, 24, 30, 55, 45, 67, 18, 88, 70, 94, 28, 73, 72, 90, 35, 51, 19, 46, 10, 84, 73, 74, 88, 54, 56,
48, 17, 42, 69, 27, 94, 53, 49, 4, 50, 80, 77, 37, 80, 25, 73, 85, 6, 73, 4, 64, 29, 2, 35, 99, 5, 7, 97, 95, 42, 50, 68, 41, 24, 13, 17, 17, 37, 23, 56, 74, 54, 91, 41, 49, 10, 23, 24, 36, 40, 43, 7, 85, 3, 9, 89, 52, 94, 60, 53, 65, 84, 13, 19, 99,
38, 32, 57, 64, 73, 99, 9, 20, 87, 53, 78, 65, 93, 37, 28, 92, 40, 13, 54, 79, 82, 40, 25, 17, 32, 45, 1, 67, 97, 47, 83, 27, 39, 97, 35, 95, 50, 54, 22, 23, 9, 69, 24, 73, 38, 95, 58, 73, 84, 99, 64, 81, 65, 75, 45, 17, 97, 100, 68, 82, 14, 35, 37, 90,
91, 57, 49, 95, 39, 23, 58, 93, 52, 77, 36, 7, 19, 84, 71, 27, 57, 94, 19, 86, 42, 12, 47, 73, 57, 51, 16, 1, 46, 74, 88, 79, 17, 80, 92, 24, 18, 71, 24, 53, 61, 69, 2, 40, 64, 66, 67, 53, 44, 63, 99, 1, 35, 4, 93, 13, 4, 26, 35, 11, 17, 24, 90,
37, 43, 12, 62, 78, 51, 10, 42, 16, 39, 57, 90, 92, 15, 51, 92, 47, 55, 13, 65, 66, 11, 100, 54, 87, 41, 47, 73, 60, 52, 49, 54, 2, 2, 96, 87, 73, 51, 15, 93, 96, 84, 81, 16, 94, 90, 65, 49, 41, 100, 81, 49, 29, 91, 63, 36, 56, 86, 54, 75, 49, 90,
15, 57, 84, 67, 51, 6, 37, 24, 94, 26, 52, 23, 85, 22, 92, 12, 71, 94, 32, 34, 78, 56, 68, 4, 95, 37, 57, 16, 87, 57, 89, 82, 63, 30, 4, 65, 95, 56, 14, 69, 53, 25, 43, 41, 71, 75, 91, 40, 1, 9, 86, 4, 37, 19, 4, 90, 46, 4, 71, 81, 2,
49, 75, 70, 97, 81, 59, 26, 98, 51, 49, 29, 32, 89, 88, 74, 15, 77, 56, 12, 63, 53, 9, 15, 47, 84, 21, 95, 22, 21, 82, 89, 92, 61, 20, 23, 91, 81, 20, 77, 5, 42, 26, 46, 100, 70, 64, 50, 68, 5, 49, 6, 60, 20, 2, 52, 48, 33, 26, 3, 98,
15, 3, 87, 85, 36, 42, 32, 70, 97, 15, 64, 84, 96, 2, 82, 25, 80, 95, 72, 76, 46, 91, 7, 28, 7, 40, 68, 93, 38, 49, 95, 64, 24, 52, 76, 36, 20, 83, 33, 72, 89, 71, 64, 26, 69, 50, 89, 21, 17, 27, 91, 68, 79, 69, 83, 59, 56, 25, 60,
24, 87, 2, 88, 9, 11, 34, 69, 49, 17, 78, 4, 26, 58, 27, 10, 75, 67, 91, 18, 9, 53, 15, 10, 54, 74, 44, 53, 69, 18, 4, 97, 56, 89, 19, 46, 52, 99, 1, 22, 25, 98, 74, 72, 84, 21, 18, 68, 62, 59, 39, 33, 39, 74, 14, 16, 32, 11,
30, 89, 45, 15, 6, 29, 76, 49, 10, 19, 14, 80, 13, 47, 40, 72, 87, 55, 53, 44, 25, 98, 78, 51, 61, 51, 33, 77, 61, 84, 20, 62, 88, 95, 92, 31, 2, 27, 28, 88, 85, 78, 87, 24, 71, 39, 76, 99, 18, 48, 48, 25, 59, 41, 77, 73, 68,
58, 33, 19, 68, 72, 65, 51, 75, 29, 94, 40, 26, 19, 16, 31, 21, 24, 5, 14, 35, 48, 51, 6, 21, 29, 17, 79, 16, 65, 51, 71, 41, 38, 12, 31, 83, 83, 46, 69, 3, 76, 11, 62, 10, 60, 31, 87, 3, 63, 98, 94, 48, 20, 100, 9, 69,
42, 2, 79, 8, 99, 19, 99, 29, 30, 21, 18, 37, 63, 57, 24, 44, 97, 65, 43, 92, 47, 12, 97, 84, 90, 2, 58, 51, 53, 11, 32, 30, 46, 62, 53, 11, 72, 83, 72, 28, 29, 29, 92, 48, 57, 100, 69, 16, 64, 41, 85, 42, 75, 86, 93,
59, 37, 39, 66, 79, 20, 65, 57, 33, 87, 86, 60, 60, 27, 80, 11, 34, 66, 84, 70, 51, 82, 8, 76, 53, 29, 22, 92, 54, 28, 35, 60, 10, 25, 82, 70, 81, 74, 83, 12, 42, 60, 37, 74, 62, 7, 19, 59, 74, 7, 7, 40, 49, 64,
62, 73, 92, 13, 21, 10, 65, 73, 73, 38, 59, 92, 81, 31, 87, 90, 19, 85, 92, 12, 58, 22, 85, 32, 41, 21, 53, 72, 55, 26, 81, 66, 44, 21, 83, 9, 74, 3, 87, 20, 58, 42, 87, 70, 87, 86, 56, 47, 41, 18, 47, 77, 45,
72, 21, 8, 53, 4, 31, 71, 35, 59, 93, 34, 17, 77, 30, 54, 74, 38, 82, 13, 44, 72, 38, 75, 79, 7, 83, 11, 76, 67, 69, 10, 94, 67, 3, 39, 21, 10, 79, 20, 51, 58, 71, 63, 59, 21, 33, 66, 55, 30, 20, 31, 87,
52, 32, 87, 6, 73, 100, 69, 73, 8, 38, 22, 66, 92, 27, 77, 7, 64, 39, 56, 49, 17, 47, 83, 89, 4, 55, 69, 93, 22, 70, 87, 16, 95, 41, 37, 63, 11, 7, 69, 24, 40, 83, 9, 12, 27, 39, 69, 19, 42, 14, 64,
27, 62, 21, 75, 21, 96, 57, 96, 69, 44, 25, 93, 71, 23, 98, 59, 81, 24, 36, 97, 96, 6, 70, 78, 7, 31, 59, 58, 78, 39, 22, 20, 8, 100, 16, 11, 67, 4, 56, 28, 44, 36, 53, 28, 56, 26, 35, 27, 13, 90,
73, 11, 79, 72, 88, 58, 52, 81, 48, 77, 68, 54, 14, 100, 78, 34, 75, 84, 48, 67, 3, 39, 83, 92, 31, 20, 96, 33, 97, 9, 89, 3, 98, 52, 95, 65, 16, 69, 58, 85, 79, 49, 96, 26, 6, 72, 75, 93, 80,
5, 95, 15, 49, 52, 51, 35, 27, 85, 5, 20, 77, 39, 78, 35, 10, 20, 43, 38, 33, 66, 26, 10, 20, 72, 17, 86, 52, 46, 50, 9, 99, 30, 39, 61, 46, 85, 86, 66, 37, 12, 97, 11, 24, 32, 32, 74, 11,
58, 89, 95, 85, 98, 53, 10, 64, 26, 21, 21, 84, 4, 25, 70, 99, 37, 34, 38, 71, 29, 81, 99, 15, 47, 75, 31, 8, 43, 70, 46, 75, 22, 93, 43, 61, 54, 36, 73, 49, 68, 79, 35, 66, 17, 13, 77,
31, 58, 40, 49, 68, 55, 100, 9, 38, 96, 20, 54, 32, 68, 35, 54, 95, 39, 64, 94, 82, 78, 7, 13, 38, 23, 39, 22, 70, 12, 69, 16, 93, 74, 45, 98, 12, 100, 48, 61, 61, 6, 89, 50, 70, 90,
100, 90, 78, 91, 86, 45, 6, 62, 70, 72, 14, 18, 33, 9, 33, 63, 95, 72, 93, 99, 35, 5, 85, 95, 72, 71, 63, 83, 46, 61, 93, 54, 50, 86, 29, 10, 21, 61, 75, 85, 46, 4, 58, 20, 10,
19, 76, 35, 83, 72, 32, 11, 11, 92, 59, 15, 71, 72, 41, 86, 54, 20, 81, 10, 74, 26, 19, 93, 6, 28, 92, 78, 85, 56, 86, 51, 87, 46, 78, 79, 93, 69, 4, 9, 27, 4, 32, 43, 5,
3, 10, 10, 18, 33, 54, 38, 21, 28, 97, 47, 39, 63, 66, 66, 55, 51, 27, 43, 49, 86, 75, 75, 88, 33, 66, 23, 93, 7, 96, 31, 24, 18, 2, 4, 35, 33, 73, 64, 41, 80, 15, 50,
45, 29, 17, 94, 92, 63, 9, 59, 47, 26, 27, 3, 91, 64, 26, 9, 78, 41, 72, 40, 7, 41, 7, 18, 25, 76, 82, 25, 15, 95, 26, 24, 72, 11, 42, 74, 49, 59, 66, 93, 90, 26,
25, 74, 26, 23, 19, 13, 87, 94, 36, 10, 90, 37, 35, 72, 54, 76, 4, 52, 37, 39, 22, 18, 59, 6, 8, 58, 96, 94, 80, 39, 32, 40, 67, 24, 23, 96, 88, 15, 44, 71, 79,
8, 35, 81, 44, 27, 7, 81, 81, 25, 60, 57, 80, 85, 80, 90, 69, 18, 46, 75, 83, 33, 20, 42, 50, 74, 35, 68, 71, 71, 62, 53, 28, 47, 72, 2, 43, 53, 49, 5, 1,
58, 75, 13, 64, 50, 58, 40, 83, 83, 44, 21, 37, 37, 98, 23, 40, 77, 11, 53, 24, 40, 47, 62, 12, 4, 50, 91, 94, 4, 97, 92, 87, 53, 88, 14, 81, 23, 62, 91,
84, 61, 19, 42, 22, 35, 1, 57, 56, 56, 48, 61, 9, 68, 67, 53, 53, 24, 73, 6, 51, 87, 82, 11, 92, 91, 2, 47, 36, 95, 69, 14, 29, 63, 52, 18, 31, 47,
88, 2, 15, 6, 22, 41, 73, 41, 40, 41, 19, 19, 39, 60, 83, 33, 70, 34, 21, 29, 96, 31, 77, 98, 89, 95, 84, 77, 30, 55, 38, 72, 60, 87, 21, 24, 50,
26, 54, 62, 96, 30, 76, 5, 61, 7, 85, 34, 6, 14, 31, 34, 19, 68, 52, 81, 24, 41, 84, 34, 100, 23, 99, 19, 84, 59, 71, 84, 77, 73, 62, 60, 92,
12, 68, 92, 60, 60, 67, 96, 98, 97, 46, 44, 30, 11, 13, 81, 78, 97, 85, 70, 96, 19, 71, 70, 96, 32, 23, 55, 41, 39, 47, 55, 40, 29, 84, 88,
87, 22, 63, 7, 24, 46, 18, 95, 22, 55, 6, 84, 5, 18, 70, 97, 35, 37, 13, 78, 25, 40, 33, 39, 43, 75, 84, 54, 40, 19, 73, 77, 31, 34,
68, 11, 8, 25, 21, 78, 68, 88, 30, 32, 49, 65, 86, 3, 16, 12, 19, 96, 41, 94, 10, 4, 100, 88, 21, 42, 68, 47, 54, 3, 69, 68, 40,
19, 9, 23, 23, 54, 15, 59, 90, 35, 7, 65, 69, 41, 89, 93, 76, 4, 83, 52, 87, 89, 43, 10, 92, 81, 89, 59, 18, 42, 55, 95, 45,
77, 36, 50, 34, 36, 13, 2, 62, 49, 18, 26, 65, 65, 19, 45, 1, 44, 58, 44, 45, 51, 77, 67, 96, 94, 2, 65, 38, 48, 37, 1,
96, 91, 98, 41, 78, 23, 4, 81, 86, 38, 100, 81, 71, 43, 70, 69, 9, 76, 68, 67, 59, 19, 39, 94, 71, 54, 99, 98, 35, 24,
56, 33, 25, 31, 15, 4, 62, 91, 3, 39, 36, 3, 82, 79, 15, 49, 75, 32, 62, 36, 100, 89, 77, 90, 48, 40, 19, 67, 78,
9, 97, 87, 56, 2, 79, 89, 93, 5, 31, 18, 100, 23, 64, 66, 10, 37, 30, 86, 87, 89, 81, 26, 8, 43, 57, 35, 99,
31, 62, 38, 40, 79, 72, 35, 10, 1, 67, 43, 63, 68, 89, 44, 9, 8, 79, 43, 34, 13, 47, 17, 36, 75, 75, 63,
50, 32, 34, 89, 51, 100, 52, 29, 62, 56, 43, 78, 62, 88, 2, 53, 42, 71, 38, 54, 81, 34, 23, 67, 27, 25,
81, 56, 8, 2, 21, 2, 57, 3, 55, 71, 4, 15, 63, 88, 82, 33, 41, 19, 28, 62, 20, 58, 84, 84, 42,
65, 86, 85, 93, 69, 69, 9, 43, 7, 6, 94, 72, 86, 30, 18, 20, 65, 47, 59, 24, 22, 13, 2, 59,
15, 55, 59, 42, 7, 9, 8, 47, 34, 93, 59, 55, 81, 82, 19, 13, 96, 37, 29, 37, 14, 77, 26,
45, 44, 43, 20, 30, 8, 67, 43, 89, 97, 82, 42, 20, 58, 100, 72, 53, 21, 45, 18, 91, 8,
32, 95, 83, 51, 69, 56, 6, 12, 7, 55, 83, 69, 75, 77, 67, 53, 13, 43, 31, 34, 61,
22, 6, 23, 1, 82, 74, 39, 90, 9, 3, 82, 57, 73, 2, 95, 85, 17, 67, 26, 53,
68, 29, 5, 34, 88, 69, 81, 78, 33, 39, 12, 34, 1, 79, 37, 71, 20, 98, 58,
13, 66, 31, 27, 70, 70, 65, 64, 41, 42, 2, 98, 15, 15, 27, 2, 32, 25,
38, 2, 66, 16, 21, 26, 42, 55, 54, 33, 59, 9, 62, 81, 7, 99, 90,
10, 8, 100, 24, 80, 82, 13, 49, 23, 51, 1, 37, 27, 76, 11, 57,
73, 55, 88, 94, 100, 75, 3, 1, 19, 82, 15, 56, 87, 63, 69,
49, 78, 50, 63, 79, 3, 95, 72, 90, 9, 52, 80, 79, 35,
14, 69, 6, 83, 51, 36, 36, 67, 77, 40, 18, 3, 31,
8, 80, 71, 84, 86, 70, 97, 89, 78, 45, 47, 27,
79, 90, 15, 63, 90, 60, 7, 8, 91, 20, 97,
5, 93, 4, 63, 27, 52, 40, 81, 79, 43,
82, 36, 92, 89, 68, 34, 79, 66, 8,
32, 99, 20, 73, 37, 62, 1, 9,
57, 12, 32, 77, 93, 43, 79,
66, 18, 27, 21, 81, 72,
59, 58, 55, 31, 96,
14, 29, 82, 50,
52, 92, 5,
39, 84,
59